0 2048 1080 27  ../YUVs/Netflix_PierSeaside_2048x1080_60fps_420.yuv
1 2048 1080 30
2 2048 1080 29
3 2048 1080 30
4 2048 1080 28
5 2048 1080 30
6 2048 1080 29
7 2048 1080 30
8 2048 1080 28
9 2048 1080 30
10 2048 1080 29
11 2048 1080 30
12 2048 1080 28
13 2048 1080 30
14 2048 1080 29
15 2048 1080 30
16 2048 1080 28
17 2048 1080 30
18 2048 1080 29
19 2048 1080 30
20 2048 1080 28
21 2048 1080 30
22 2048 1080 29
23 2048 1080 30
24 2048 1080 28
25 2048 1080 30
26 2048 1080 29
27 2048 1080 30
28 2048 1080 28
29 2048 1080 30
30 2048 1080 29
31 2048 1080 30
32 2048 1080 28
33 2048 1080 30
34 2048 1080 29
35 2048 1080 30
36 2048 1080 28
37 2048 1080 30
38 2048 1080 29
39 2048 1080 30
40 2048 1080 28
41 2048 1080 30
42 2048 1080 29
43 2048 1080 30
44 2048 1080 28
45 2048 1080 30
46 2048 1080 29
47 2048 1080 30
48 2048 1080 28
49 2048 1080 30
50 2048 1080 29
51 2048 1080 30
52 2048 1080 28
53 2048 1080 30
54 2048 1080 29
55 2048 1080 30
56 2048 1080 28
57 2048 1080 30
58 2048 1080 29
59 2048 1080 30
60 2048 1080 28
61 2048 1080 30
62 2048 1080 29
63 2048 1080 30
64 2048 1080 28
65 2048 1080 30
66 2048 1080 29
67 2048 1080 30
68 2048 1080 28
69 2048 1080 30
70 2048 1080 29
71 2048 1080 30
72 2048 1080 28
73 2048 1080 30
74 2048 1080 29
75 2048 1080 30
76 2048 1080 28
77 2048 1080 30
78 2048 1080 29
79 2048 1080 30
80 2048 1080 28
81 2048 1080 30
82 2048 1080 29
83 2048 1080 30
84 2048 1080 28
85 2048 1080 30
86 2048 1080 29
87 2048 1080 30
88 2048 1080 28
89 2048 1080 30
90 2048 1080 29
91 2048 1080 30
92 2048 1080 28
93 2048 1080 30
94 2048 1080 29
95 2048 1080 30
96 2048 1080 28
97 2048 1080 30
98 2048 1080 29
99 2048 1080 30
100 2048 1080 28
101 2048 1080 30
102 2048 1080 29
103 2048 1080 30
104 2048 1080 28
105 2048 1080 30
106 2048 1080 29
107 2048 1080 30
108 2048 1080 28
109 2048 1080 30
110 2048 1080 29
111 2048 1080 30
112 2048 1080 28
113 2048 1080 30
114 2048 1080 29
115 2048 1080 30
116 2048 1080 28
117 2048 1080 30
118 2048 1080 29
119 2048 1080 30
120 2048 1080 28
121 2048 1080 30
122 2048 1080 29
123 2048 1080 30
124 2048 1080 28
125 2048 1080 30
126 2048 1080 29
127 2048 1080 30
128 2048 1080 28
129 2048 1080 30
130 2048 1080 29
131 2048 1080 30
132 2048 1080 28
133 2048 1080 30
134 2048 1080 29
135 2048 1080 30
136 2048 1080 28
137 2048 1080 30
138 2048 1080 29
139 2048 1080 30
140 2048 1080 28
141 2048 1080 30
142 2048 1080 29
143 2048 1080 30
144 2048 1080 28
145 2048 1080 30
146 2048 1080 29
147 2048 1080 30
148 2048 1080 28
149 2048 1080 30
150 2048 1080 29
151 2048 1080 30
152 2048 1080 28
153 2048 1080 30
154 2048 1080 29
155 2048 1080 30
156 2048 1080 28
157 2048 1080 30
158 2048 1080 29
159 2048 1080 30
160 2048 1080 28
161 2048 1080 30
162 2048 1080 29
163 2048 1080 30
164 2048 1080 28
165 2048 1080 30
166 2048 1080 29
167 2048 1080 30
168 2048 1080 28
169 2048 1080 30
170 2048 1080 29
171 2048 1080 30
172 2048 1080 28
173 2048 1080 30
174 2048 1080 29
175 2048 1080 30
176 2048 1080 28
177 2048 1080 30
178 2048 1080 29
179 2048 1080 30
180 2048 1080 28
181 2048 1080 30
182 2048 1080 29
183 2048 1080 30
184 2048 1080 28
185 2048 1080 30
186 2048 1080 29
187 2048 1080 30
188 2048 1080 28
189 2048 1080 30
190 2048 1080 29
191 2048 1080 30
192 2048 1080 28
193 2048 1080 30
194 2048 1080 29
195 2048 1080 30
196 2048 1080 28
197 2048 1080 30
198 2048 1080 29
199 2048 1080 30
200 2048 1080 28
201 2048 1080 30
202 2048 1080 29
203 2048 1080 30
204 2048 1080 28
205 2048 1080 30
206 2048 1080 29
207 2048 1080 30
208 2048 1080 28
209 2048 1080 30
210 2048 1080 29
211 2048 1080 30
212 2048 1080 28
213 2048 1080 30
214 2048 1080 29
215 2048 1080 30
216 2048 1080 28
217 2048 1080 30
218 2048 1080 29
219 2048 1080 30
220 2048 1080 28
221 2048 1080 30
222 2048 1080 29
223 2048 1080 30
224 2048 1080 28
225 2048 1080 30
226 2048 1080 29
227 2048 1080 30
228 2048 1080 28
229 2048 1080 30
230 2048 1080 29
231 2048 1080 30
232 2048 1080 28
233 2048 1080 30
234 2048 1080 29
235 2048 1080 30
236 2048 1080 28
237 2048 1080 30
238 2048 1080 29
239 2048 1080 30
240 2048 1080 28
241 2048 1080 30
242 2048 1080 29
243 2048 1080 30
244 2048 1080 28
245 2048 1080 30
246 2048 1080 29
247 2048 1080 30
248 2048 1080 28
249 2048 1080 30
250 2048 1080 29
251 2048 1080 30
252 2048 1080 28
253 2048 1080 30
254 2048 1080 29
255 2048 1080 30
256 2048 1080 28
257 2048 1080 30
258 2048 1080 29
259 2048 1080 30
260 2048 1080 28
261 2048 1080 30
262 2048 1080 29
263 2048 1080 30
264 2048 1080 28
265 2048 1080 30
266 2048 1080 29
267 2048 1080 30
268 2048 1080 28
269 2048 1080 30
270 2048 1080 29
271 2048 1080 30
272 2048 1080 28
273 2048 1080 30
274 2048 1080 29
275 2048 1080 30
276 2048 1080 28
277 2048 1080 30
278 2048 1080 29
279 2048 1080 30
280 2048 1080 28
281 2048 1080 30
282 2048 1080 29
283 2048 1080 30
284 2048 1080 28
285 2048 1080 30
286 2048 1080 29
287 2048 1080 30
288 2048 1080 28
289 2048 1080 30
290 2048 1080 29
291 2048 1080 30
292 2048 1080 28
293 2048 1080 30
294 2048 1080 29
295 2048 1080 30
296 2048 1080 28
297 2048 1080 30
298 2048 1080 29
299 2048 1080 30
300 2048 1080 28
301 2048 1080 30
302 2048 1080 29
303 2048 1080 30
304 2048 1080 28
305 2048 1080 30
306 2048 1080 29
307 2048 1080 30
308 2048 1080 28
309 2048 1080 30
310 2048 1080 29
311 2048 1080 30
312 2048 1080 28
313 2048 1080 30
314 2048 1080 29
315 2048 1080 30
316 2048 1080 28
317 2048 1080 30
318 2048 1080 29
319 2048 1080 30
320 2048 1080 28
321 2048 1080 30
322 2048 1080 29
323 2048 1080 30
324 2048 1080 28
325 2048 1080 30
326 2048 1080 29
327 2048 1080 30
328 2048 1080 28
329 2048 1080 30
330 2048 1080 29
331 2048 1080 30
332 2048 1080 28
333 2048 1080 30
334 2048 1080 29
335 2048 1080 30
336 2048 1080 28
337 2048 1080 30
338 2048 1080 29
339 2048 1080 30
340 2048 1080 28
341 2048 1080 30
342 2048 1080 29
343 2048 1080 30
344 2048 1080 28
345 2048 1080 30
346 2048 1080 29
347 2048 1080 30
348 2048 1080 28
349 2048 1080 30
350 2048 1080 29
351 2048 1080 30
352 2048 1080 28
353 2048 1080 30
354 2048 1080 29
355 2048 1080 30
356 2048 1080 28
357 2048 1080 30
358 2048 1080 29
359 2048 1080 30
360 2048 1080 28
361 2048 1080 30
362 2048 1080 29
363 2048 1080 30
364 2048 1080 28
365 2048 1080 30
366 2048 1080 29
367 2048 1080 30
368 2048 1080 28
369 2048 1080 30
370 2048 1080 29
371 2048 1080 30
372 2048 1080 28
373 2048 1080 30
374 2048 1080 29
375 2048 1080 30
376 2048 1080 28
377 2048 1080 30
378 2048 1080 29
379 2048 1080 30
380 2048 1080 28
381 2048 1080 30
382 2048 1080 29
383 2048 1080 30
384 2048 1080 28
385 2048 1080 30
386 2048 1080 29
387 2048 1080 30
388 2048 1080 28
389 2048 1080 30
390 2048 1080 29
391 2048 1080 30
392 2048 1080 28
393 2048 1080 30
394 2048 1080 29
395 2048 1080 30
396 2048 1080 28
397 2048 1080 30
398 2048 1080 29
399 2048 1080 30
400 2048 1080 28
401 2048 1080 30
402 2048 1080 29
403 2048 1080 30
404 2048 1080 28
405 2048 1080 30
406 2048 1080 29
407 2048 1080 30
408 2048 1080 28
409 2048 1080 30
410 2048 1080 29
411 2048 1080 30
412 2048 1080 28
413 2048 1080 30
414 2048 1080 29
415 2048 1080 30
416 2048 1080 28
417 2048 1080 30
418 2048 1080 29
419 2048 1080 30
420 2048 1080 28
421 2048 1080 30
422 2048 1080 29
423 2048 1080 30
424 2048 1080 28
425 2048 1080 30
426 2048 1080 29
427 2048 1080 30
428 2048 1080 28
429 2048 1080 30
430 2048 1080 29
431 2048 1080 30
432 2048 1080 28
433 2048 1080 30
434 2048 1080 29
435 2048 1080 30
436 2048 1080 28
437 2048 1080 30
438 2048 1080 29
439 2048 1080 30
440 2048 1080 28
441 2048 1080 30
442 2048 1080 29
443 2048 1080 30
444 2048 1080 28
445 2048 1080 30
446 2048 1080 29
447 2048 1080 30
448 2048 1080 28
449 2048 1080 30
450 2048 1080 29
451 2048 1080 30
452 2048 1080 28
453 2048 1080 30
454 2048 1080 29
455 2048 1080 30
456 2048 1080 28
457 2048 1080 30
458 2048 1080 29
459 2048 1080 30
460 2048 1080 28
461 2048 1080 30
462 2048 1080 29
463 2048 1080 30
464 2048 1080 28
465 2048 1080 30
466 2048 1080 29
467 2048 1080 30
468 2048 1080 28
469 2048 1080 30
470 2048 1080 29
471 2048 1080 30
472 2048 1080 28
473 2048 1080 30
474 2048 1080 29
475 2048 1080 30
476 2048 1080 28
477 2048 1080 30
478 2048 1080 29
479 2048 1080 30
480 2048 1080 28
481 2048 1080 30
482 2048 1080 29
483 2048 1080 30
484 2048 1080 28
485 2048 1080 30
486 2048 1080 29
487 2048 1080 30
488 2048 1080 28
489 2048 1080 30
490 2048 1080 29
491 2048 1080 30
492 2048 1080 28
493 2048 1080 30
494 2048 1080 29
495 2048 1080 30
496 2048 1080 28
497 2048 1080 30
498 2048 1080 29
499 2048 1080 30
500 2048 1080 28
501 2048 1080 30
502 2048 1080 29
503 2048 1080 30
504 2048 1080 28
505 2048 1080 30
506 2048 1080 29
507 2048 1080 30
508 2048 1080 28
509 2048 1080 30
510 2048 1080 29
511 2048 1080 30
512 2048 1080 28
513 2048 1080 30
514 2048 1080 29
515 2048 1080 30
516 2048 1080 28
517 2048 1080 30
518 2048 1080 29
519 2048 1080 30
520 2048 1080 28
521 2048 1080 30
522 2048 1080 29
523 2048 1080 30
524 2048 1080 28
525 2048 1080 30
526 2048 1080 29
527 2048 1080 30
528 2048 1080 28
529 2048 1080 30
530 2048 1080 29
531 2048 1080 30
532 2048 1080 28
533 2048 1080 30
534 2048 1080 29
535 2048 1080 30
536 2048 1080 28
537 2048 1080 30
538 2048 1080 29
539 2048 1080 30
540 2048 1080 28
541 2048 1080 30
542 2048 1080 29
543 2048 1080 30
544 2048 1080 28
545 2048 1080 30
546 2048 1080 29
547 2048 1080 30
548 2048 1080 28
549 2048 1080 30
550 2048 1080 29
551 2048 1080 30
552 2048 1080 28
553 2048 1080 30
554 2048 1080 29
555 2048 1080 30
556 2048 1080 28
557 2048 1080 30
558 2048 1080 29
559 2048 1080 30
560 2048 1080 28
561 2048 1080 30
562 2048 1080 29
563 2048 1080 30
564 2048 1080 28
565 2048 1080 30
566 2048 1080 29
567 2048 1080 30
568 2048 1080 28
569 2048 1080 30
570 2048 1080 29
571 2048 1080 30
572 2048 1080 28
573 2048 1080 30
574 2048 1080 29
575 2048 1080 30
576 2048 1080 28
577 2048 1080 30
578 2048 1080 29
579 2048 1080 30
580 2048 1080 28
581 2048 1080 30
582 2048 1080 29
583 2048 1080 30
584 2048 1080 28
585 2048 1080 30
586 2048 1080 29
587 2048 1080 30
588 2048 1080 28
589 2048 1080 30
590 2048 1080 29
591 2048 1080 30
592 2048 1080 28
593 2048 1080 30
594 2048 1080 29
595 2048 1080 30
596 2048 1080 28
597 2048 1080 30
598 2048 1080 29
599 2048 1080 30
