0 832 480 22  ../YUVs/RaceHorses_832x480_30.yuv
1 832 480 25
2 832 480 24
3 832 480 25
4 832 480 23
5 832 480 25
6 832 480 24
7 832 480 25
8 832 480 23
9 832 480 25
10 832 480 24
11 832 480 25
12 832 480 23
13 832 480 25
14 832 480 24
15 832 480 25
16 832 480 23
17 832 480 25
18 832 480 24
19 832 480 25
20 832 480 23
21 832 480 25
22 832 480 24
23 832 480 25
24 832 480 23
25 832 480 25
26 832 480 24
27 832 480 25
28 832 480 23
29 832 480 25
30 832 480 24
31 832 480 25
32 832 480 23
33 832 480 25
34 832 480 24
35 832 480 25
36 832 480 23
37 832 480 25
38 832 480 24
39 832 480 25
40 832 480 23
41 832 480 25
42 832 480 24
43 832 480 25
44 832 480 23
45 832 480 25
46 832 480 24
47 832 480 25
48 832 480 23
49 832 480 25
50 832 480 24
51 832 480 25
52 832 480 23
53 832 480 25
54 832 480 24
55 832 480 25
56 832 480 23
57 832 480 25
58 832 480 24
59 832 480 25
60 832 480 23
61 832 480 25
62 832 480 24
63 832 480 25
64 832 480 23
65 832 480 25
66 832 480 24
67 832 480 25
68 832 480 23
69 832 480 25
70 832 480 24
71 832 480 25
72 832 480 23
73 832 480 25
74 832 480 24
75 832 480 25
76 832 480 23
77 832 480 25
78 832 480 24
79 832 480 25
80 832 480 23
81 832 480 25
82 832 480 24
83 832 480 25
84 832 480 23
85 832 480 25
86 832 480 24
87 832 480 25
88 832 480 23
89 832 480 25
90 832 480 24
91 832 480 25
92 832 480 23
93 832 480 25
94 832 480 24
95 832 480 25
96 832 480 23
97 832 480 25
98 832 480 24
99 832 480 25
100 832 480 23
101 832 480 25
102 832 480 24
103 832 480 25
104 832 480 23
105 832 480 25
106 832 480 24
107 832 480 25
108 832 480 23
109 832 480 25
110 832 480 24
111 832 480 25
112 832 480 23
113 832 480 25
114 832 480 24
115 832 480 25
116 832 480 23
117 832 480 25
118 832 480 24
119 832 480 25
120 832 480 23
121 832 480 25
122 832 480 24
123 832 480 25
124 832 480 23
125 832 480 25
126 832 480 24
127 832 480 25
128 832 480 23
129 832 480 25
130 832 480 24
131 832 480 25
132 832 480 23
133 832 480 25
134 832 480 24
135 832 480 25
136 832 480 23
137 832 480 25
138 832 480 24
139 832 480 25
140 832 480 23
141 832 480 25
142 832 480 24
143 832 480 25
144 832 480 23
145 832 480 25
146 832 480 24
147 832 480 25
148 832 480 23
149 832 480 25
150 832 480 24
151 832 480 25
152 832 480 23
153 832 480 25
154 832 480 24
155 832 480 25
156 832 480 23
157 832 480 25
158 832 480 24
159 832 480 25
160 832 480 23
161 832 480 25
162 832 480 24
163 832 480 25
164 832 480 23
165 832 480 25
166 832 480 24
167 832 480 25
168 832 480 23
169 832 480 25
170 832 480 24
171 832 480 25
172 832 480 23
173 832 480 25
174 832 480 24
175 832 480 25
176 832 480 23
177 832 480 25
178 832 480 24
179 832 480 25
180 832 480 23
181 832 480 25
182 832 480 24
183 832 480 25
184 832 480 23
185 832 480 25
186 832 480 24
187 832 480 25
188 832 480 23
189 832 480 25
190 832 480 24
191 832 480 25
192 832 480 23
193 832 480 25
194 832 480 24
195 832 480 25
196 832 480 23
197 832 480 25
198 832 480 24
199 832 480 25
200 832 480 23
201 832 480 25
202 832 480 24
203 832 480 25
204 832 480 23
205 832 480 25
206 832 480 24
207 832 480 25
208 832 480 23
209 832 480 25
210 832 480 24
211 832 480 25
212 832 480 23
213 832 480 25
214 832 480 24
215 832 480 25
216 832 480 23
217 832 480 25
218 832 480 24
219 832 480 25
220 832 480 23
221 832 480 25
222 832 480 24
223 832 480 25
224 832 480 23
225 832 480 25
226 832 480 24
227 832 480 25
228 832 480 23
229 832 480 25
230 832 480 24
231 832 480 25
232 832 480 23
233 832 480 25
234 832 480 24
235 832 480 25
236 832 480 23
237 832 480 25
238 832 480 24
239 832 480 25
240 832 480 23
241 832 480 25
242 832 480 24
243 832 480 25
244 832 480 23
245 832 480 25
246 832 480 24
247 832 480 25
248 832 480 23
249 832 480 25
250 832 480 24
251 832 480 25
252 832 480 23
253 832 480 25
254 832 480 24
255 832 480 25
256 832 480 23
257 832 480 25
258 832 480 24
259 832 480 25
260 832 480 23
261 832 480 25
262 832 480 24
263 832 480 25
264 832 480 23
265 832 480 25
266 832 480 24
267 832 480 25
268 832 480 23
269 832 480 25
270 832 480 24
271 832 480 25
272 832 480 23
273 832 480 25
274 832 480 24
275 832 480 25
276 832 480 23
277 832 480 25
278 832 480 24
279 832 480 25
280 832 480 23
281 832 480 25
282 832 480 24
283 832 480 25
284 832 480 23
285 832 480 25
286 832 480 24
287 832 480 25
288 832 480 23
289 832 480 25
290 832 480 24
291 832 480 25
292 832 480 23
293 832 480 25
294 832 480 24
295 832 480 25
296 832 480 23
297 832 480 25
298 832 480 24
299 832 480 25
