0 416 240 32  ../YUVs/BasketballPass_416x240_50.yuv
1 416 240 35
2 416 240 34
3 416 240 35
4 416 240 33
5 416 240 35
6 416 240 34
7 416 240 35
8 416 240 33
9 416 240 35
10 416 240 34
11 416 240 35
12 416 240 33
13 416 240 35
14 416 240 34
15 416 240 35
16 416 240 33
17 416 240 35
18 416 240 34
19 416 240 35
20 416 240 33
21 416 240 35
22 416 240 34
23 416 240 35
24 416 240 33
25 416 240 35
26 416 240 34
27 416 240 35
28 416 240 33
29 416 240 35
30 416 240 34
31 416 240 35
32 416 240 33
33 416 240 35
34 416 240 34
35 416 240 35
36 416 240 33
37 416 240 35
38 416 240 34
39 416 240 35
40 416 240 33
41 416 240 35
42 416 240 34
43 416 240 35
44 416 240 33
45 416 240 35
46 416 240 34
47 416 240 35
48 416 240 33
49 416 240 35
50 416 240 34
51 416 240 35
52 416 240 33
53 416 240 35
54 416 240 34
55 416 240 35
56 416 240 33
57 416 240 35
58 416 240 34
59 416 240 35
60 416 240 33
61 416 240 35
62 416 240 34
63 416 240 35
64 416 240 33
65 416 240 35
66 416 240 34
67 416 240 35
68 416 240 33
69 416 240 35
70 416 240 34
71 416 240 35
72 416 240 33
73 416 240 35
74 416 240 34
75 416 240 35
76 416 240 33
77 416 240 35
78 416 240 34
79 416 240 35
80 416 240 33
81 416 240 35
82 416 240 34
83 416 240 35
84 416 240 33
85 416 240 35
86 416 240 34
87 416 240 35
88 416 240 33
89 416 240 35
90 416 240 34
91 416 240 35
92 416 240 33
93 416 240 35
94 416 240 34
95 416 240 35
96 416 240 33
97 416 240 35
98 416 240 34
99 416 240 35
100 416 240 33
101 416 240 35
102 416 240 34
103 416 240 35
104 416 240 33
105 416 240 35
106 416 240 34
107 416 240 35
108 416 240 33
109 416 240 35
110 416 240 34
111 416 240 35
112 416 240 33
113 416 240 35
114 416 240 34
115 416 240 35
116 416 240 33
117 416 240 35
118 416 240 34
119 416 240 35
120 416 240 33
121 416 240 35
122 416 240 34
123 416 240 35
124 416 240 33
125 416 240 35
126 416 240 34
127 416 240 35
128 416 240 33
129 416 240 35
130 416 240 34
131 416 240 35
132 416 240 33
133 416 240 35
134 416 240 34
135 416 240 35
136 416 240 33
137 416 240 35
138 416 240 34
139 416 240 35
140 416 240 33
141 416 240 35
142 416 240 34
143 416 240 35
144 416 240 33
145 416 240 35
146 416 240 34
147 416 240 35
148 416 240 33
149 416 240 35
150 416 240 34
151 416 240 35
152 416 240 33
153 416 240 35
154 416 240 34
155 416 240 35
156 416 240 33
157 416 240 35
158 416 240 34
159 416 240 35
160 416 240 33
161 416 240 35
162 416 240 34
163 416 240 35
164 416 240 33
165 416 240 35
166 416 240 34
167 416 240 35
168 416 240 33
169 416 240 35
170 416 240 34
171 416 240 35
172 416 240 33
173 416 240 35
174 416 240 34
175 416 240 35
176 416 240 33
177 416 240 35
178 416 240 34
179 416 240 35
180 416 240 33
181 416 240 35
182 416 240 34
183 416 240 35
184 416 240 33
185 416 240 35
186 416 240 34
187 416 240 35
188 416 240 33
189 416 240 35
190 416 240 34
191 416 240 35
192 416 240 33
193 416 240 35
194 416 240 34
195 416 240 35
196 416 240 33
197 416 240 35
198 416 240 34
199 416 240 35
200 416 240 33
201 416 240 35
202 416 240 34
203 416 240 35
204 416 240 33
205 416 240 35
206 416 240 34
207 416 240 35
208 416 240 33
209 416 240 35
210 416 240 34
211 416 240 35
212 416 240 33
213 416 240 35
214 416 240 34
215 416 240 35
216 416 240 33
217 416 240 35
218 416 240 34
219 416 240 35
220 416 240 33
221 416 240 35
222 416 240 34
223 416 240 35
224 416 240 33
225 416 240 35
226 416 240 34
227 416 240 35
228 416 240 33
229 416 240 35
230 416 240 34
231 416 240 35
232 416 240 33
233 416 240 35
234 416 240 34
235 416 240 35
236 416 240 33
237 416 240 35
238 416 240 34
239 416 240 35
240 416 240 33
241 416 240 35
242 416 240 34
243 416 240 35
244 416 240 33
245 416 240 35
246 416 240 34
247 416 240 35
248 416 240 33
249 416 240 35
250 416 240 34
251 416 240 35
252 416 240 33
253 416 240 35
254 416 240 34
255 416 240 35
256 416 240 33
257 416 240 35
258 416 240 34
259 416 240 35
260 416 240 33
261 416 240 35
262 416 240 34
263 416 240 35
264 416 240 33
265 416 240 35
266 416 240 34
267 416 240 35
268 416 240 33
269 416 240 35
270 416 240 34
271 416 240 35
272 416 240 33
273 416 240 35
274 416 240 34
275 416 240 35
276 416 240 33
277 416 240 35
278 416 240 34
279 416 240 35
280 416 240 33
281 416 240 35
282 416 240 34
283 416 240 35
284 416 240 33
285 416 240 35
286 416 240 34
287 416 240 35
288 416 240 33
289 416 240 35
290 416 240 34
291 416 240 35
292 416 240 33
293 416 240 35
294 416 240 34
295 416 240 35
296 416 240 33
297 416 240 35
298 416 240 34
299 416 240 35
300 416 240 33
301 416 240 35
302 416 240 34
303 416 240 35
304 416 240 33
305 416 240 35
306 416 240 34
307 416 240 35
308 416 240 33
309 416 240 35
310 416 240 34
311 416 240 35
312 416 240 33
313 416 240 35
314 416 240 34
315 416 240 35
316 416 240 33
317 416 240 35
318 416 240 34
319 416 240 35
320 416 240 33
321 416 240 35
322 416 240 34
323 416 240 35
324 416 240 33
325 416 240 35
326 416 240 34
327 416 240 35
328 416 240 33
329 416 240 35
330 416 240 34
331 416 240 35
332 416 240 33
333 416 240 35
334 416 240 34
335 416 240 35
336 416 240 33
337 416 240 35
338 416 240 34
339 416 240 35
340 416 240 33
341 416 240 35
342 416 240 34
343 416 240 35
344 416 240 33
345 416 240 35
346 416 240 34
347 416 240 35
348 416 240 33
349 416 240 35
350 416 240 34
351 416 240 35
352 416 240 33
353 416 240 35
354 416 240 34
355 416 240 35
356 416 240 33
357 416 240 35
358 416 240 34
359 416 240 35
360 416 240 33
361 416 240 35
362 416 240 34
363 416 240 35
364 416 240 33
365 416 240 35
366 416 240 34
367 416 240 35
368 416 240 33
369 416 240 35
370 416 240 34
371 416 240 35
372 416 240 33
373 416 240 35
374 416 240 34
375 416 240 35
376 416 240 33
377 416 240 35
378 416 240 34
379 416 240 35
380 416 240 33
381 416 240 35
382 416 240 34
383 416 240 35
384 416 240 33
385 416 240 35
386 416 240 34
387 416 240 35
388 416 240 33
389 416 240 35
390 416 240 34
391 416 240 35
392 416 240 33
393 416 240 35
394 416 240 34
395 416 240 35
396 416 240 33
397 416 240 35
398 416 240 34
399 416 240 35
400 416 240 33
401 416 240 35
402 416 240 34
403 416 240 35
404 416 240 33
405 416 240 35
406 416 240 34
407 416 240 35
408 416 240 33
409 416 240 35
410 416 240 34
411 416 240 35
412 416 240 33
413 416 240 35
414 416 240 34
415 416 240 35
416 416 240 33
417 416 240 35
418 416 240 34
419 416 240 35
420 416 240 33
421 416 240 35
422 416 240 34
423 416 240 35
424 416 240 33
425 416 240 35
426 416 240 34
427 416 240 35
428 416 240 33
429 416 240 35
430 416 240 34
431 416 240 35
432 416 240 33
433 416 240 35
434 416 240 34
435 416 240 35
436 416 240 33
437 416 240 35
438 416 240 34
439 416 240 35
440 416 240 33
441 416 240 35
442 416 240 34
443 416 240 35
444 416 240 33
445 416 240 35
446 416 240 34
447 416 240 35
448 416 240 33
449 416 240 35
450 416 240 34
451 416 240 35
452 416 240 33
453 416 240 35
454 416 240 34
455 416 240 35
456 416 240 33
457 416 240 35
458 416 240 34
459 416 240 35
460 416 240 33
461 416 240 35
462 416 240 34
463 416 240 35
464 416 240 33
465 416 240 35
466 416 240 34
467 416 240 35
468 416 240 33
469 416 240 35
470 416 240 34
471 416 240 35
472 416 240 33
473 416 240 35
474 416 240 34
475 416 240 35
476 416 240 33
477 416 240 35
478 416 240 34
479 416 240 35
480 416 240 33
481 416 240 35
482 416 240 34
483 416 240 35
484 416 240 33
485 416 240 35
486 416 240 34
487 416 240 35
488 416 240 33
489 416 240 35
490 416 240 34
491 416 240 35
492 416 240 33
493 416 240 35
494 416 240 34
495 416 240 35
496 416 240 33
497 416 240 35
498 416 240 34
499 416 240 35
