0 704 576 32  ../YUVs/ice_4cif.yuv
1 704 576 35
2 704 576 34
3 704 576 35
4 704 576 33
5 704 576 35
6 704 576 34
7 704 576 35
8 704 576 33
9 704 576 35
10 704 576 34
11 704 576 35
12 704 576 33
13 704 576 35
14 704 576 34
15 704 576 35
16 704 576 33
17 704 576 35
18 704 576 34
19 704 576 35
20 704 576 33
21 704 576 35
22 704 576 34
23 704 576 35
24 704 576 33
25 704 576 35
26 704 576 34
27 704 576 35
28 704 576 33
29 704 576 35
30 704 576 34
31 704 576 35
32 704 576 33
33 704 576 35
34 704 576 34
35 704 576 35
36 704 576 33
37 704 576 35
38 704 576 34
39 704 576 35
40 704 576 33
41 704 576 35
42 704 576 34
43 704 576 35
44 704 576 33
45 704 576 35
46 704 576 34
47 704 576 35
48 704 576 33
49 704 576 35
50 704 576 34
51 704 576 35
52 704 576 33
53 704 576 35
54 704 576 34
55 704 576 35
56 704 576 33
57 704 576 35
58 704 576 34
59 704 576 35
60 704 576 33
61 704 576 35
62 704 576 34
63 704 576 35
64 704 576 33
65 704 576 35
66 704 576 34
67 704 576 35
68 704 576 33
69 704 576 35
70 704 576 34
71 704 576 35
72 704 576 33
73 704 576 35
74 704 576 34
75 704 576 35
76 704 576 33
77 704 576 35
78 704 576 34
79 704 576 35
80 704 576 33
81 704 576 35
82 704 576 34
83 704 576 35
84 704 576 33
85 704 576 35
86 704 576 34
87 704 576 35
88 704 576 33
89 704 576 35
90 704 576 34
91 704 576 35
92 704 576 33
93 704 576 35
94 704 576 34
95 704 576 35
96 704 576 33
97 704 576 35
98 704 576 34
99 704 576 35
100 704 576 33
101 704 576 35
102 704 576 34
103 704 576 35
104 704 576 33
105 704 576 35
106 704 576 34
107 704 576 35
108 704 576 33
109 704 576 35
110 704 576 34
111 704 576 35
112 704 576 33
113 704 576 35
114 704 576 34
115 704 576 35
116 704 576 33
117 704 576 35
118 704 576 34
119 704 576 35
120 704 576 33
121 704 576 35
122 704 576 34
123 704 576 35
124 704 576 33
125 704 576 35
126 704 576 34
127 704 576 35
128 704 576 33
129 704 576 35
130 704 576 34
131 704 576 35
132 704 576 33
133 704 576 35
134 704 576 34
135 704 576 35
136 704 576 33
137 704 576 35
138 704 576 34
139 704 576 35
140 704 576 33
141 704 576 35
142 704 576 34
143 704 576 35
144 704 576 33
145 704 576 35
146 704 576 34
147 704 576 35
148 704 576 33
149 704 576 35
150 704 576 34
151 704 576 35
152 704 576 33
153 704 576 35
154 704 576 34
155 704 576 35
156 704 576 33
157 704 576 35
158 704 576 34
159 704 576 35
160 704 576 33
161 704 576 35
162 704 576 34
163 704 576 35
164 704 576 33
165 704 576 35
166 704 576 34
167 704 576 35
168 704 576 33
169 704 576 35
170 704 576 34
171 704 576 35
172 704 576 33
173 704 576 35
174 704 576 34
175 704 576 35
176 704 576 33
177 704 576 35
178 704 576 34
179 704 576 35
180 704 576 33
181 704 576 35
182 704 576 34
183 704 576 35
184 704 576 33
185 704 576 35
186 704 576 34
187 704 576 35
188 704 576 33
189 704 576 35
190 704 576 34
191 704 576 35
192 704 576 33
193 704 576 35
194 704 576 34
195 704 576 35
196 704 576 33
197 704 576 35
198 704 576 34
199 704 576 35
200 704 576 33
201 704 576 35
202 704 576 34
203 704 576 35
204 704 576 33
205 704 576 35
206 704 576 34
207 704 576 35
208 704 576 33
209 704 576 35
210 704 576 34
211 704 576 35
212 704 576 33
213 704 576 35
214 704 576 34
215 704 576 35
216 704 576 33
217 704 576 35
218 704 576 34
219 704 576 35
220 704 576 33
221 704 576 35
222 704 576 34
223 704 576 35
224 704 576 33
225 704 576 35
226 704 576 34
227 704 576 35
228 704 576 33
229 704 576 35
230 704 576 34
231 704 576 35
232 704 576 33
233 704 576 35
234 704 576 34
235 704 576 35
236 704 576 33
237 704 576 35
238 704 576 34
239 704 576 35
240 704 576 33
241 704 576 35
242 704 576 34
243 704 576 35
244 704 576 33
245 704 576 35
246 704 576 34
247 704 576 35
248 704 576 33
249 704 576 35
250 704 576 34
251 704 576 35
252 704 576 33
253 704 576 35
254 704 576 34
255 704 576 35
256 704 576 33
257 704 576 35
258 704 576 34
259 704 576 35
260 704 576 33
261 704 576 35
262 704 576 34
263 704 576 35
264 704 576 33
265 704 576 35
266 704 576 34
267 704 576 35
268 704 576 33
269 704 576 35
270 704 576 34
271 704 576 35
272 704 576 33
273 704 576 35
274 704 576 34
275 704 576 35
276 704 576 33
277 704 576 35
278 704 576 34
279 704 576 35
280 704 576 33
281 704 576 35
282 704 576 34
283 704 576 35
284 704 576 33
285 704 576 35
286 704 576 34
287 704 576 35
288 704 576 33
289 704 576 35
290 704 576 34
291 704 576 35
292 704 576 33
293 704 576 35
294 704 576 34
295 704 576 35
296 704 576 33
297 704 576 35
298 704 576 34
299 704 576 35
300 704 576 33
301 704 576 35
302 704 576 34
303 704 576 35
304 704 576 33
305 704 576 35
306 704 576 34
307 704 576 35
308 704 576 33
309 704 576 35
310 704 576 34
311 704 576 35
312 704 576 33
313 704 576 35
314 704 576 34
315 704 576 35
316 704 576 33
317 704 576 35
318 704 576 34
319 704 576 35
320 704 576 33
321 704 576 35
322 704 576 34
323 704 576 35
324 704 576 33
325 704 576 35
326 704 576 34
327 704 576 35
328 704 576 33
329 704 576 35
330 704 576 34
331 704 576 35
332 704 576 33
333 704 576 35
334 704 576 34
335 704 576 35
336 704 576 33
337 704 576 35
338 704 576 34
339 704 576 35
340 704 576 33
341 704 576 35
342 704 576 34
343 704 576 35
344 704 576 33
345 704 576 35
346 704 576 34
347 704 576 35
348 704 576 33
349 704 576 35
350 704 576 34
351 704 576 35
352 704 576 33
353 704 576 35
354 704 576 34
355 704 576 35
356 704 576 33
357 704 576 35
358 704 576 34
359 704 576 35
360 704 576 33
361 704 576 35
362 704 576 34
363 704 576 35
364 704 576 33
365 704 576 35
366 704 576 34
367 704 576 35
368 704 576 33
369 704 576 35
370 704 576 34
371 704 576 35
372 704 576 33
373 704 576 35
374 704 576 34
375 704 576 35
376 704 576 33
377 704 576 35
378 704 576 34
379 704 576 35
380 704 576 33
381 704 576 35
382 704 576 34
383 704 576 35
384 704 576 33
385 704 576 35
386 704 576 34
387 704 576 35
388 704 576 33
389 704 576 35
390 704 576 34
391 704 576 35
392 704 576 33
393 704 576 35
394 704 576 34
395 704 576 35
396 704 576 33
397 704 576 35
398 704 576 34
399 704 576 35
400 704 576 33
401 704 576 35
402 704 576 34
403 704 576 35
404 704 576 33
405 704 576 35
406 704 576 34
407 704 576 35
408 704 576 33
409 704 576 35
410 704 576 34
411 704 576 35
412 704 576 33
413 704 576 35
414 704 576 34
415 704 576 35
416 704 576 33
417 704 576 35
418 704 576 34
419 704 576 35
420 704 576 33
421 704 576 35
422 704 576 34
423 704 576 35
424 704 576 33
425 704 576 35
426 704 576 34
427 704 576 35
428 704 576 33
429 704 576 35
430 704 576 34
431 704 576 35
432 704 576 33
433 704 576 35
434 704 576 34
435 704 576 35
436 704 576 33
437 704 576 35
438 704 576 34
439 704 576 35
440 704 576 33
441 704 576 35
442 704 576 34
443 704 576 35
444 704 576 33
445 704 576 35
446 704 576 34
447 704 576 35
448 704 576 33
449 704 576 35
450 704 576 34
451 704 576 35
452 704 576 33
453 704 576 35
454 704 576 34
455 704 576 35
456 704 576 33
457 704 576 35
458 704 576 34
459 704 576 35
460 704 576 33
461 704 576 35
462 704 576 34
463 704 576 35
464 704 576 33
465 704 576 35
466 704 576 34
467 704 576 35
468 704 576 33
469 704 576 35
470 704 576 34
471 704 576 35
472 704 576 33
473 704 576 35
474 704 576 34
475 704 576 35
476 704 576 33
477 704 576 35
478 704 576 34
479 704 576 35
