0 2048 1080 37  ../YUVs/Netflix_Tango_2048x1080_60fps_420.yuv
1 2048 1080 40
2 2048 1080 39
3 2048 1080 40
4 2048 1080 38
5 2048 1080 40
6 2048 1080 39
7 2048 1080 40
8 2048 1080 38
9 2048 1080 40
10 2048 1080 39
11 2048 1080 40
12 2048 1080 38
13 2048 1080 40
14 2048 1080 39
15 2048 1080 40
16 2048 1080 38
17 2048 1080 40
18 2048 1080 39
19 2048 1080 40
20 2048 1080 38
21 2048 1080 40
22 2048 1080 39
23 2048 1080 40
24 2048 1080 38
25 2048 1080 40
26 2048 1080 39
27 2048 1080 40
28 2048 1080 38
29 2048 1080 40
30 2048 1080 39
31 2048 1080 40
32 2048 1080 38
33 2048 1080 40
34 2048 1080 39
35 2048 1080 40
36 2048 1080 38
37 2048 1080 40
38 2048 1080 39
39 2048 1080 40
40 2048 1080 38
41 2048 1080 40
42 2048 1080 39
43 2048 1080 40
44 2048 1080 38
45 2048 1080 40
46 2048 1080 39
47 2048 1080 40
48 2048 1080 38
49 2048 1080 40
50 2048 1080 39
51 2048 1080 40
52 2048 1080 38
53 2048 1080 40
54 2048 1080 39
55 2048 1080 40
56 2048 1080 38
57 2048 1080 40
58 2048 1080 39
59 2048 1080 40
60 2048 1080 38
61 2048 1080 40
62 2048 1080 39
63 2048 1080 40
64 2048 1080 38
65 2048 1080 40
66 2048 1080 39
67 2048 1080 40
68 2048 1080 38
69 2048 1080 40
70 2048 1080 39
71 2048 1080 40
72 2048 1080 38
73 2048 1080 40
74 2048 1080 39
75 2048 1080 40
76 2048 1080 38
77 2048 1080 40
78 2048 1080 39
79 2048 1080 40
80 2048 1080 38
81 2048 1080 40
82 2048 1080 39
83 2048 1080 40
84 2048 1080 38
85 2048 1080 40
86 2048 1080 39
87 2048 1080 40
88 2048 1080 38
89 2048 1080 40
90 2048 1080 39
91 2048 1080 40
92 2048 1080 38
93 2048 1080 40
94 2048 1080 39
95 2048 1080 40
96 2048 1080 38
97 2048 1080 40
98 2048 1080 39
99 2048 1080 40
100 2048 1080 38
101 2048 1080 40
102 2048 1080 39
103 2048 1080 40
104 2048 1080 38
105 2048 1080 40
106 2048 1080 39
107 2048 1080 40
108 2048 1080 38
109 2048 1080 40
110 2048 1080 39
111 2048 1080 40
112 2048 1080 38
113 2048 1080 40
114 2048 1080 39
115 2048 1080 40
116 2048 1080 38
117 2048 1080 40
118 2048 1080 39
119 2048 1080 40
120 2048 1080 38
121 2048 1080 40
122 2048 1080 39
123 2048 1080 40
124 2048 1080 38
125 2048 1080 40
126 2048 1080 39
127 2048 1080 40
128 2048 1080 38
129 2048 1080 40
130 2048 1080 39
131 2048 1080 40
132 2048 1080 38
133 2048 1080 40
134 2048 1080 39
135 2048 1080 40
136 2048 1080 38
137 2048 1080 40
138 2048 1080 39
139 2048 1080 40
140 2048 1080 38
141 2048 1080 40
142 2048 1080 39
143 2048 1080 40
144 2048 1080 38
145 2048 1080 40
146 2048 1080 39
147 2048 1080 40
148 2048 1080 38
149 2048 1080 40
150 2048 1080 39
151 2048 1080 40
152 2048 1080 38
153 2048 1080 40
154 2048 1080 39
155 2048 1080 40
156 2048 1080 38
157 2048 1080 40
158 2048 1080 39
159 2048 1080 40
160 2048 1080 38
161 2048 1080 40
162 2048 1080 39
163 2048 1080 40
164 2048 1080 38
165 2048 1080 40
166 2048 1080 39
167 2048 1080 40
168 2048 1080 38
169 2048 1080 40
170 2048 1080 39
171 2048 1080 40
172 2048 1080 38
173 2048 1080 40
174 2048 1080 39
175 2048 1080 40
176 2048 1080 38
177 2048 1080 40
178 2048 1080 39
179 2048 1080 40
180 2048 1080 38
181 2048 1080 40
182 2048 1080 39
183 2048 1080 40
184 2048 1080 38
185 2048 1080 40
186 2048 1080 39
187 2048 1080 40
188 2048 1080 38
189 2048 1080 40
190 2048 1080 39
191 2048 1080 40
192 2048 1080 38
193 2048 1080 40
194 2048 1080 39
195 2048 1080 40
196 2048 1080 38
197 2048 1080 40
198 2048 1080 39
199 2048 1080 40
200 2048 1080 38
201 2048 1080 40
202 2048 1080 39
203 2048 1080 40
204 2048 1080 38
205 2048 1080 40
206 2048 1080 39
207 2048 1080 40
208 2048 1080 38
209 2048 1080 40
210 2048 1080 39
211 2048 1080 40
212 2048 1080 38
213 2048 1080 40
214 2048 1080 39
215 2048 1080 40
216 2048 1080 38
217 2048 1080 40
218 2048 1080 39
219 2048 1080 40
220 2048 1080 38
221 2048 1080 40
222 2048 1080 39
223 2048 1080 40
224 2048 1080 38
225 2048 1080 40
226 2048 1080 39
227 2048 1080 40
228 2048 1080 38
229 2048 1080 40
230 2048 1080 39
231 2048 1080 40
232 2048 1080 38
233 2048 1080 40
234 2048 1080 39
235 2048 1080 40
236 2048 1080 38
237 2048 1080 40
238 2048 1080 39
239 2048 1080 40
240 2048 1080 38
241 2048 1080 40
242 2048 1080 39
243 2048 1080 40
244 2048 1080 38
245 2048 1080 40
246 2048 1080 39
247 2048 1080 40
248 2048 1080 38
249 2048 1080 40
250 2048 1080 39
251 2048 1080 40
252 2048 1080 38
253 2048 1080 40
254 2048 1080 39
255 2048 1080 40
256 2048 1080 38
257 2048 1080 40
258 2048 1080 39
259 2048 1080 40
260 2048 1080 38
261 2048 1080 40
262 2048 1080 39
263 2048 1080 40
264 2048 1080 38
265 2048 1080 40
266 2048 1080 39
267 2048 1080 40
268 2048 1080 38
269 2048 1080 40
270 2048 1080 39
271 2048 1080 40
272 2048 1080 38
273 2048 1080 40
274 2048 1080 39
275 2048 1080 40
276 2048 1080 38
277 2048 1080 40
278 2048 1080 39
279 2048 1080 40
280 2048 1080 38
281 2048 1080 40
282 2048 1080 39
283 2048 1080 40
284 2048 1080 38
285 2048 1080 40
286 2048 1080 39
287 2048 1080 40
288 2048 1080 38
289 2048 1080 40
290 2048 1080 39
291 2048 1080 40
292 2048 1080 38
293 2048 1080 40
