0 416 240 22  ../YUVs/BlowingBubbles_416x240_50.yuv
1 416 240 25
2 416 240 24
3 416 240 25
4 416 240 23
5 416 240 25
6 416 240 24
7 416 240 25
8 416 240 23
9 416 240 25
10 416 240 24
11 416 240 25
12 416 240 23
13 416 240 25
14 416 240 24
15 416 240 25
16 416 240 23
17 416 240 25
18 416 240 24
19 416 240 25
20 416 240 23
21 416 240 25
22 416 240 24
23 416 240 25
24 416 240 23
25 416 240 25
26 416 240 24
27 416 240 25
28 416 240 23
29 416 240 25
30 416 240 24
31 416 240 25
32 416 240 23
33 416 240 25
34 416 240 24
35 416 240 25
36 416 240 23
37 416 240 25
38 416 240 24
39 416 240 25
40 416 240 23
41 416 240 25
42 416 240 24
43 416 240 25
44 416 240 23
45 416 240 25
46 416 240 24
47 416 240 25
48 416 240 23
49 416 240 25
50 416 240 24
51 416 240 25
52 416 240 23
53 416 240 25
54 416 240 24
55 416 240 25
56 416 240 23
57 416 240 25
58 416 240 24
59 416 240 25
60 416 240 23
61 416 240 25
62 416 240 24
63 416 240 25
64 416 240 23
65 416 240 25
66 416 240 24
67 416 240 25
68 416 240 23
69 416 240 25
70 416 240 24
71 416 240 25
72 416 240 23
73 416 240 25
74 416 240 24
75 416 240 25
76 416 240 23
77 416 240 25
78 416 240 24
79 416 240 25
80 416 240 23
81 416 240 25
82 416 240 24
83 416 240 25
84 416 240 23
85 416 240 25
86 416 240 24
87 416 240 25
88 416 240 23
89 416 240 25
90 416 240 24
91 416 240 25
92 416 240 23
93 416 240 25
94 416 240 24
95 416 240 25
96 416 240 23
97 416 240 25
98 416 240 24
99 416 240 25
100 416 240 23
101 416 240 25
102 416 240 24
103 416 240 25
104 416 240 23
105 416 240 25
106 416 240 24
107 416 240 25
108 416 240 23
109 416 240 25
110 416 240 24
111 416 240 25
112 416 240 23
113 416 240 25
114 416 240 24
115 416 240 25
116 416 240 23
117 416 240 25
118 416 240 24
119 416 240 25
120 416 240 23
121 416 240 25
122 416 240 24
123 416 240 25
124 416 240 23
125 416 240 25
126 416 240 24
127 416 240 25
128 416 240 23
129 416 240 25
130 416 240 24
131 416 240 25
132 416 240 23
133 416 240 25
134 416 240 24
135 416 240 25
136 416 240 23
137 416 240 25
138 416 240 24
139 416 240 25
140 416 240 23
141 416 240 25
142 416 240 24
143 416 240 25
144 416 240 23
145 416 240 25
146 416 240 24
147 416 240 25
148 416 240 23
149 416 240 25
150 416 240 24
151 416 240 25
152 416 240 23
153 416 240 25
154 416 240 24
155 416 240 25
156 416 240 23
157 416 240 25
158 416 240 24
159 416 240 25
160 416 240 23
161 416 240 25
162 416 240 24
163 416 240 25
164 416 240 23
165 416 240 25
166 416 240 24
167 416 240 25
168 416 240 23
169 416 240 25
170 416 240 24
171 416 240 25
172 416 240 23
173 416 240 25
174 416 240 24
175 416 240 25
176 416 240 23
177 416 240 25
178 416 240 24
179 416 240 25
180 416 240 23
181 416 240 25
182 416 240 24
183 416 240 25
184 416 240 23
185 416 240 25
186 416 240 24
187 416 240 25
188 416 240 23
189 416 240 25
190 416 240 24
191 416 240 25
192 416 240 23
193 416 240 25
194 416 240 24
195 416 240 25
196 416 240 23
197 416 240 25
198 416 240 24
199 416 240 25
200 416 240 23
201 416 240 25
202 416 240 24
203 416 240 25
204 416 240 23
205 416 240 25
206 416 240 24
207 416 240 25
208 416 240 23
209 416 240 25
210 416 240 24
211 416 240 25
212 416 240 23
213 416 240 25
214 416 240 24
215 416 240 25
216 416 240 23
217 416 240 25
218 416 240 24
219 416 240 25
220 416 240 23
221 416 240 25
222 416 240 24
223 416 240 25
224 416 240 23
225 416 240 25
226 416 240 24
227 416 240 25
228 416 240 23
229 416 240 25
230 416 240 24
231 416 240 25
232 416 240 23
233 416 240 25
234 416 240 24
235 416 240 25
236 416 240 23
237 416 240 25
238 416 240 24
239 416 240 25
240 416 240 23
241 416 240 25
242 416 240 24
243 416 240 25
244 416 240 23
245 416 240 25
246 416 240 24
247 416 240 25
248 416 240 23
249 416 240 25
250 416 240 24
251 416 240 25
252 416 240 23
253 416 240 25
254 416 240 24
255 416 240 25
256 416 240 23
257 416 240 25
258 416 240 24
259 416 240 25
260 416 240 23
261 416 240 25
262 416 240 24
263 416 240 25
264 416 240 23
265 416 240 25
266 416 240 24
267 416 240 25
268 416 240 23
269 416 240 25
270 416 240 24
271 416 240 25
272 416 240 23
273 416 240 25
274 416 240 24
275 416 240 25
276 416 240 23
277 416 240 25
278 416 240 24
279 416 240 25
280 416 240 23
281 416 240 25
282 416 240 24
283 416 240 25
284 416 240 23
285 416 240 25
286 416 240 24
287 416 240 25
288 416 240 23
289 416 240 25
290 416 240 24
291 416 240 25
292 416 240 23
293 416 240 25
294 416 240 24
295 416 240 25
296 416 240 23
297 416 240 25
298 416 240 24
299 416 240 25
300 416 240 23
301 416 240 25
302 416 240 24
303 416 240 25
304 416 240 23
305 416 240 25
306 416 240 24
307 416 240 25
308 416 240 23
309 416 240 25
310 416 240 24
311 416 240 25
312 416 240 23
313 416 240 25
314 416 240 24
315 416 240 25
316 416 240 23
317 416 240 25
318 416 240 24
319 416 240 25
320 416 240 23
321 416 240 25
322 416 240 24
323 416 240 25
324 416 240 23
325 416 240 25
326 416 240 24
327 416 240 25
328 416 240 23
329 416 240 25
330 416 240 24
331 416 240 25
332 416 240 23
333 416 240 25
334 416 240 24
335 416 240 25
336 416 240 23
337 416 240 25
338 416 240 24
339 416 240 25
340 416 240 23
341 416 240 25
342 416 240 24
343 416 240 25
344 416 240 23
345 416 240 25
346 416 240 24
347 416 240 25
348 416 240 23
349 416 240 25
350 416 240 24
351 416 240 25
352 416 240 23
353 416 240 25
354 416 240 24
355 416 240 25
356 416 240 23
357 416 240 25
358 416 240 24
359 416 240 25
360 416 240 23
361 416 240 25
362 416 240 24
363 416 240 25
364 416 240 23
365 416 240 25
366 416 240 24
367 416 240 25
368 416 240 23
369 416 240 25
370 416 240 24
371 416 240 25
372 416 240 23
373 416 240 25
374 416 240 24
375 416 240 25
376 416 240 23
377 416 240 25
378 416 240 24
379 416 240 25
380 416 240 23
381 416 240 25
382 416 240 24
383 416 240 25
384 416 240 23
385 416 240 25
386 416 240 24
387 416 240 25
388 416 240 23
389 416 240 25
390 416 240 24
391 416 240 25
392 416 240 23
393 416 240 25
394 416 240 24
395 416 240 25
396 416 240 23
397 416 240 25
398 416 240 24
399 416 240 25
400 416 240 23
401 416 240 25
402 416 240 24
403 416 240 25
404 416 240 23
405 416 240 25
406 416 240 24
407 416 240 25
408 416 240 23
409 416 240 25
410 416 240 24
411 416 240 25
412 416 240 23
413 416 240 25
414 416 240 24
415 416 240 25
416 416 240 23
417 416 240 25
418 416 240 24
419 416 240 25
420 416 240 23
421 416 240 25
422 416 240 24
423 416 240 25
424 416 240 23
425 416 240 25
426 416 240 24
427 416 240 25
428 416 240 23
429 416 240 25
430 416 240 24
431 416 240 25
432 416 240 23
433 416 240 25
434 416 240 24
435 416 240 25
436 416 240 23
437 416 240 25
438 416 240 24
439 416 240 25
440 416 240 23
441 416 240 25
442 416 240 24
443 416 240 25
444 416 240 23
445 416 240 25
446 416 240 24
447 416 240 25
448 416 240 23
449 416 240 25
450 416 240 24
451 416 240 25
452 416 240 23
453 416 240 25
454 416 240 24
455 416 240 25
456 416 240 23
457 416 240 25
458 416 240 24
459 416 240 25
460 416 240 23
461 416 240 25
462 416 240 24
463 416 240 25
464 416 240 23
465 416 240 25
466 416 240 24
467 416 240 25
468 416 240 23
469 416 240 25
470 416 240 24
471 416 240 25
472 416 240 23
473 416 240 25
474 416 240 24
475 416 240 25
476 416 240 23
477 416 240 25
478 416 240 24
479 416 240 25
480 416 240 23
481 416 240 25
482 416 240 24
483 416 240 25
484 416 240 23
485 416 240 25
486 416 240 24
487 416 240 25
488 416 240 23
489 416 240 25
490 416 240 24
491 416 240 25
492 416 240 23
493 416 240 25
494 416 240 24
495 416 240 25
496 416 240 23
497 416 240 25
498 416 240 24
499 416 240 25
