0 720 480 32  ../YUVs/flower_garden_720x480.yuv
1 720 480 35
2 720 480 34
3 720 480 35
4 720 480 33
5 720 480 35
6 720 480 34
7 720 480 35
8 720 480 33
9 720 480 35
10 720 480 34
11 720 480 35
12 720 480 33
13 720 480 35
14 720 480 34
15 720 480 35
16 720 480 33
17 720 480 35
18 720 480 34
19 720 480 35
20 720 480 33
21 720 480 35
22 720 480 34
23 720 480 35
24 720 480 33
25 720 480 35
26 720 480 34
27 720 480 35
28 720 480 33
29 720 480 35
30 720 480 34
31 720 480 35
32 720 480 33
33 720 480 35
34 720 480 34
35 720 480 35
36 720 480 33
37 720 480 35
38 720 480 34
39 720 480 35
40 720 480 33
41 720 480 35
42 720 480 34
43 720 480 35
44 720 480 33
45 720 480 35
46 720 480 34
47 720 480 35
48 720 480 33
49 720 480 35
50 720 480 34
51 720 480 35
52 720 480 33
53 720 480 35
54 720 480 34
55 720 480 35
56 720 480 33
57 720 480 35
58 720 480 34
59 720 480 35
60 720 480 33
61 720 480 35
62 720 480 34
63 720 480 35
64 720 480 33
65 720 480 35
66 720 480 34
67 720 480 35
68 720 480 33
69 720 480 35
70 720 480 34
71 720 480 35
72 720 480 33
73 720 480 35
74 720 480 34
75 720 480 35
76 720 480 33
77 720 480 35
78 720 480 34
79 720 480 35
80 720 480 33
81 720 480 35
82 720 480 34
83 720 480 35
84 720 480 33
85 720 480 35
86 720 480 34
87 720 480 35
88 720 480 33
89 720 480 35
90 720 480 34
91 720 480 35
92 720 480 33
93 720 480 35
94 720 480 34
95 720 480 35
96 720 480 33
97 720 480 35
98 720 480 34
99 720 480 35
100 720 480 33
101 720 480 35
102 720 480 34
103 720 480 35
104 720 480 33
105 720 480 35
106 720 480 34
107 720 480 35
108 720 480 33
109 720 480 35
110 720 480 34
111 720 480 35
112 720 480 33
113 720 480 35
114 720 480 34
115 720 480 35
116 720 480 33
117 720 480 35
118 720 480 34
119 720 480 35
120 720 480 33
121 720 480 35
122 720 480 34
123 720 480 35
124 720 480 33
125 720 480 35
126 720 480 34
127 720 480 35
128 720 480 33
129 720 480 35
130 720 480 34
131 720 480 35
132 720 480 33
133 720 480 35
134 720 480 34
135 720 480 35
136 720 480 33
137 720 480 35
138 720 480 34
139 720 480 35
140 720 480 33
141 720 480 35
142 720 480 34
143 720 480 35
144 720 480 33
145 720 480 35
146 720 480 34
147 720 480 35
148 720 480 33
149 720 480 35
150 720 480 34
151 720 480 35
152 720 480 33
153 720 480 35
154 720 480 34
155 720 480 35
156 720 480 33
157 720 480 35
158 720 480 34
159 720 480 35
160 720 480 33
161 720 480 35
162 720 480 34
163 720 480 35
164 720 480 33
165 720 480 35
166 720 480 34
167 720 480 35
168 720 480 33
169 720 480 35
170 720 480 34
171 720 480 35
172 720 480 33
173 720 480 35
174 720 480 34
175 720 480 35
176 720 480 33
177 720 480 35
178 720 480 34
179 720 480 35
180 720 480 33
181 720 480 35
182 720 480 34
183 720 480 35
184 720 480 33
185 720 480 35
186 720 480 34
187 720 480 35
188 720 480 33
189 720 480 35
190 720 480 34
191 720 480 35
192 720 480 33
193 720 480 35
194 720 480 34
195 720 480 35
196 720 480 33
197 720 480 35
198 720 480 34
199 720 480 35
200 720 480 33
201 720 480 35
202 720 480 34
203 720 480 35
204 720 480 33
205 720 480 35
206 720 480 34
207 720 480 35
208 720 480 33
209 720 480 35
210 720 480 34
211 720 480 35
212 720 480 33
213 720 480 35
214 720 480 34
215 720 480 35
216 720 480 33
217 720 480 35
218 720 480 34
219 720 480 35
220 720 480 33
221 720 480 35
222 720 480 34
223 720 480 35
224 720 480 33
225 720 480 35
226 720 480 34
227 720 480 35
228 720 480 33
229 720 480 35
230 720 480 34
231 720 480 35
232 720 480 33
233 720 480 35
234 720 480 34
235 720 480 35
236 720 480 33
237 720 480 35
238 720 480 34
239 720 480 35
240 720 480 33
241 720 480 35
242 720 480 34
243 720 480 35
244 720 480 33
245 720 480 35
246 720 480 34
247 720 480 35
248 720 480 33
249 720 480 35
250 720 480 34
251 720 480 35
252 720 480 33
253 720 480 35
254 720 480 34
255 720 480 35
256 720 480 33
257 720 480 35
258 720 480 34
259 720 480 35
260 720 480 33
261 720 480 35
262 720 480 34
263 720 480 35
264 720 480 33
265 720 480 35
266 720 480 34
267 720 480 35
268 720 480 33
269 720 480 35
270 720 480 34
271 720 480 35
272 720 480 33
273 720 480 35
274 720 480 34
275 720 480 35
276 720 480 33
277 720 480 35
278 720 480 34
279 720 480 35
280 720 480 33
281 720 480 35
282 720 480 34
283 720 480 35
284 720 480 33
285 720 480 35
286 720 480 34
287 720 480 35
288 720 480 33
289 720 480 35
290 720 480 34
291 720 480 35
292 720 480 33
293 720 480 35
294 720 480 34
295 720 480 35
296 720 480 33
297 720 480 35
298 720 480 34
299 720 480 35
