0 2048 1080 32  ../YUVs/Netflix_Tango_2048x1080_60fps_420.yuv
1 2048 1080 35
2 2048 1080 34
3 2048 1080 35
4 2048 1080 33
5 2048 1080 35
6 2048 1080 34
7 2048 1080 35
8 2048 1080 33
9 2048 1080 35
10 2048 1080 34
11 2048 1080 35
12 2048 1080 33
13 2048 1080 35
14 2048 1080 34
15 2048 1080 35
16 2048 1080 33
17 2048 1080 35
18 2048 1080 34
19 2048 1080 35
20 2048 1080 33
21 2048 1080 35
22 2048 1080 34
23 2048 1080 35
24 2048 1080 33
25 2048 1080 35
26 2048 1080 34
27 2048 1080 35
28 2048 1080 33
29 2048 1080 35
30 2048 1080 34
31 2048 1080 35
32 2048 1080 33
33 2048 1080 35
34 2048 1080 34
35 2048 1080 35
36 2048 1080 33
37 2048 1080 35
38 2048 1080 34
39 2048 1080 35
40 2048 1080 33
41 2048 1080 35
42 2048 1080 34
43 2048 1080 35
44 2048 1080 33
45 2048 1080 35
46 2048 1080 34
47 2048 1080 35
48 2048 1080 33
49 2048 1080 35
50 2048 1080 34
51 2048 1080 35
52 2048 1080 33
53 2048 1080 35
54 2048 1080 34
55 2048 1080 35
56 2048 1080 33
57 2048 1080 35
58 2048 1080 34
59 2048 1080 35
60 2048 1080 33
61 2048 1080 35
62 2048 1080 34
63 2048 1080 35
64 2048 1080 33
65 2048 1080 35
66 2048 1080 34
67 2048 1080 35
68 2048 1080 33
69 2048 1080 35
70 2048 1080 34
71 2048 1080 35
72 2048 1080 33
73 2048 1080 35
74 2048 1080 34
75 2048 1080 35
76 2048 1080 33
77 2048 1080 35
78 2048 1080 34
79 2048 1080 35
80 2048 1080 33
81 2048 1080 35
82 2048 1080 34
83 2048 1080 35
84 2048 1080 33
85 2048 1080 35
86 2048 1080 34
87 2048 1080 35
88 2048 1080 33
89 2048 1080 35
90 2048 1080 34
91 2048 1080 35
92 2048 1080 33
93 2048 1080 35
94 2048 1080 34
95 2048 1080 35
96 2048 1080 33
97 2048 1080 35
98 2048 1080 34
99 2048 1080 35
100 2048 1080 33
101 2048 1080 35
102 2048 1080 34
103 2048 1080 35
104 2048 1080 33
105 2048 1080 35
106 2048 1080 34
107 2048 1080 35
108 2048 1080 33
109 2048 1080 35
110 2048 1080 34
111 2048 1080 35
112 2048 1080 33
113 2048 1080 35
114 2048 1080 34
115 2048 1080 35
116 2048 1080 33
117 2048 1080 35
118 2048 1080 34
119 2048 1080 35
120 2048 1080 33
121 2048 1080 35
122 2048 1080 34
123 2048 1080 35
124 2048 1080 33
125 2048 1080 35
126 2048 1080 34
127 2048 1080 35
128 2048 1080 33
129 2048 1080 35
130 2048 1080 34
131 2048 1080 35
132 2048 1080 33
133 2048 1080 35
134 2048 1080 34
135 2048 1080 35
136 2048 1080 33
137 2048 1080 35
138 2048 1080 34
139 2048 1080 35
140 2048 1080 33
141 2048 1080 35
142 2048 1080 34
143 2048 1080 35
144 2048 1080 33
145 2048 1080 35
146 2048 1080 34
147 2048 1080 35
148 2048 1080 33
149 2048 1080 35
150 2048 1080 34
151 2048 1080 35
152 2048 1080 33
153 2048 1080 35
154 2048 1080 34
155 2048 1080 35
156 2048 1080 33
157 2048 1080 35
158 2048 1080 34
159 2048 1080 35
160 2048 1080 33
161 2048 1080 35
162 2048 1080 34
163 2048 1080 35
164 2048 1080 33
165 2048 1080 35
166 2048 1080 34
167 2048 1080 35
168 2048 1080 33
169 2048 1080 35
170 2048 1080 34
171 2048 1080 35
172 2048 1080 33
173 2048 1080 35
174 2048 1080 34
175 2048 1080 35
176 2048 1080 33
177 2048 1080 35
178 2048 1080 34
179 2048 1080 35
180 2048 1080 33
181 2048 1080 35
182 2048 1080 34
183 2048 1080 35
184 2048 1080 33
185 2048 1080 35
186 2048 1080 34
187 2048 1080 35
188 2048 1080 33
189 2048 1080 35
190 2048 1080 34
191 2048 1080 35
192 2048 1080 33
193 2048 1080 35
194 2048 1080 34
195 2048 1080 35
196 2048 1080 33
197 2048 1080 35
198 2048 1080 34
199 2048 1080 35
200 2048 1080 33
201 2048 1080 35
202 2048 1080 34
203 2048 1080 35
204 2048 1080 33
205 2048 1080 35
206 2048 1080 34
207 2048 1080 35
208 2048 1080 33
209 2048 1080 35
210 2048 1080 34
211 2048 1080 35
212 2048 1080 33
213 2048 1080 35
214 2048 1080 34
215 2048 1080 35
216 2048 1080 33
217 2048 1080 35
218 2048 1080 34
219 2048 1080 35
220 2048 1080 33
221 2048 1080 35
222 2048 1080 34
223 2048 1080 35
224 2048 1080 33
225 2048 1080 35
226 2048 1080 34
227 2048 1080 35
228 2048 1080 33
229 2048 1080 35
230 2048 1080 34
231 2048 1080 35
232 2048 1080 33
233 2048 1080 35
234 2048 1080 34
235 2048 1080 35
236 2048 1080 33
237 2048 1080 35
238 2048 1080 34
239 2048 1080 35
240 2048 1080 33
241 2048 1080 35
242 2048 1080 34
243 2048 1080 35
244 2048 1080 33
245 2048 1080 35
246 2048 1080 34
247 2048 1080 35
248 2048 1080 33
249 2048 1080 35
250 2048 1080 34
251 2048 1080 35
252 2048 1080 33
253 2048 1080 35
254 2048 1080 34
255 2048 1080 35
256 2048 1080 33
257 2048 1080 35
258 2048 1080 34
259 2048 1080 35
260 2048 1080 33
261 2048 1080 35
262 2048 1080 34
263 2048 1080 35
264 2048 1080 33
265 2048 1080 35
266 2048 1080 34
267 2048 1080 35
268 2048 1080 33
269 2048 1080 35
270 2048 1080 34
271 2048 1080 35
272 2048 1080 33
273 2048 1080 35
274 2048 1080 34
275 2048 1080 35
276 2048 1080 33
277 2048 1080 35
278 2048 1080 34
279 2048 1080 35
280 2048 1080 33
281 2048 1080 35
282 2048 1080 34
283 2048 1080 35
284 2048 1080 33
285 2048 1080 35
286 2048 1080 34
287 2048 1080 35
288 2048 1080 33
289 2048 1080 35
290 2048 1080 34
291 2048 1080 35
292 2048 1080 33
293 2048 1080 35
