0 1920 1080 32  ../YUVs/park_joy_1080p50.yuv
1 1920 1080 35
2 1920 1080 34
3 1920 1080 35
4 1920 1080 33
5 1920 1080 35
6 1920 1080 34
7 1920 1080 35
8 1920 1080 33
9 1920 1080 35
10 1920 1080 34
11 1920 1080 35
12 1920 1080 33
13 1920 1080 35
14 1920 1080 34
15 1920 1080 35
16 1920 1080 33
17 1920 1080 35
18 1920 1080 34
19 1920 1080 35
20 1920 1080 33
21 1920 1080 35
22 1920 1080 34
23 1920 1080 35
24 1920 1080 33
25 1920 1080 35
26 1920 1080 34
27 1920 1080 35
28 1920 1080 33
29 1920 1080 35
30 1920 1080 34
31 1920 1080 35
32 1920 1080 33
33 1920 1080 35
34 1920 1080 34
35 1920 1080 35
36 1920 1080 33
37 1920 1080 35
38 1920 1080 34
39 1920 1080 35
40 1920 1080 33
41 1920 1080 35
42 1920 1080 34
43 1920 1080 35
44 1920 1080 33
45 1920 1080 35
46 1920 1080 34
47 1920 1080 35
48 1920 1080 33
49 1920 1080 35
50 1920 1080 34
51 1920 1080 35
52 1920 1080 33
53 1920 1080 35
54 1920 1080 34
55 1920 1080 35
56 1920 1080 33
57 1920 1080 35
58 1920 1080 34
59 1920 1080 35
60 1920 1080 33
61 1920 1080 35
62 1920 1080 34
63 1920 1080 35
64 1920 1080 33
65 1920 1080 35
66 1920 1080 34
67 1920 1080 35
68 1920 1080 33
69 1920 1080 35
70 1920 1080 34
71 1920 1080 35
72 1920 1080 33
73 1920 1080 35
74 1920 1080 34
75 1920 1080 35
76 1920 1080 33
77 1920 1080 35
78 1920 1080 34
79 1920 1080 35
80 1920 1080 33
81 1920 1080 35
82 1920 1080 34
83 1920 1080 35
84 1920 1080 33
85 1920 1080 35
86 1920 1080 34
87 1920 1080 35
88 1920 1080 33
89 1920 1080 35
90 1920 1080 34
91 1920 1080 35
92 1920 1080 33
93 1920 1080 35
94 1920 1080 34
95 1920 1080 35
96 1920 1080 33
97 1920 1080 35
98 1920 1080 34
99 1920 1080 35
100 1920 1080 33
101 1920 1080 35
102 1920 1080 34
103 1920 1080 35
104 1920 1080 33
105 1920 1080 35
106 1920 1080 34
107 1920 1080 35
108 1920 1080 33
109 1920 1080 35
110 1920 1080 34
111 1920 1080 35
112 1920 1080 33
113 1920 1080 35
114 1920 1080 34
115 1920 1080 35
116 1920 1080 33
117 1920 1080 35
118 1920 1080 34
119 1920 1080 35
120 1920 1080 33
121 1920 1080 35
122 1920 1080 34
123 1920 1080 35
124 1920 1080 33
125 1920 1080 35
126 1920 1080 34
127 1920 1080 35
128 1920 1080 33
129 1920 1080 35
130 1920 1080 34
131 1920 1080 35
132 1920 1080 33
133 1920 1080 35
134 1920 1080 34
135 1920 1080 35
136 1920 1080 33
137 1920 1080 35
138 1920 1080 34
139 1920 1080 35
140 1920 1080 33
141 1920 1080 35
142 1920 1080 34
143 1920 1080 35
144 1920 1080 33
145 1920 1080 35
146 1920 1080 34
147 1920 1080 35
148 1920 1080 33
149 1920 1080 35
150 1920 1080 34
151 1920 1080 35
152 1920 1080 33
153 1920 1080 35
154 1920 1080 34
155 1920 1080 35
156 1920 1080 33
157 1920 1080 35
158 1920 1080 34
159 1920 1080 35
160 1920 1080 33
161 1920 1080 35
162 1920 1080 34
163 1920 1080 35
164 1920 1080 33
165 1920 1080 35
166 1920 1080 34
167 1920 1080 35
168 1920 1080 33
169 1920 1080 35
170 1920 1080 34
171 1920 1080 35
172 1920 1080 33
173 1920 1080 35
174 1920 1080 34
175 1920 1080 35
176 1920 1080 33
177 1920 1080 35
178 1920 1080 34
179 1920 1080 35
180 1920 1080 33
181 1920 1080 35
182 1920 1080 34
183 1920 1080 35
184 1920 1080 33
185 1920 1080 35
186 1920 1080 34
187 1920 1080 35
188 1920 1080 33
189 1920 1080 35
190 1920 1080 34
191 1920 1080 35
192 1920 1080 33
193 1920 1080 35
194 1920 1080 34
195 1920 1080 35
196 1920 1080 33
197 1920 1080 35
198 1920 1080 34
199 1920 1080 35
200 1920 1080 33
201 1920 1080 35
202 1920 1080 34
203 1920 1080 35
204 1920 1080 33
205 1920 1080 35
206 1920 1080 34
207 1920 1080 35
208 1920 1080 33
209 1920 1080 35
210 1920 1080 34
211 1920 1080 35
212 1920 1080 33
213 1920 1080 35
214 1920 1080 34
215 1920 1080 35
216 1920 1080 33
217 1920 1080 35
218 1920 1080 34
219 1920 1080 35
220 1920 1080 33
221 1920 1080 35
222 1920 1080 34
223 1920 1080 35
224 1920 1080 33
225 1920 1080 35
226 1920 1080 34
227 1920 1080 35
228 1920 1080 33
229 1920 1080 35
230 1920 1080 34
231 1920 1080 35
232 1920 1080 33
233 1920 1080 35
234 1920 1080 34
235 1920 1080 35
236 1920 1080 33
237 1920 1080 35
238 1920 1080 34
239 1920 1080 35
240 1920 1080 33
241 1920 1080 35
242 1920 1080 34
243 1920 1080 35
244 1920 1080 33
245 1920 1080 35
246 1920 1080 34
247 1920 1080 35
248 1920 1080 33
249 1920 1080 35
250 1920 1080 34
251 1920 1080 35
252 1920 1080 33
253 1920 1080 35
254 1920 1080 34
255 1920 1080 35
256 1920 1080 33
257 1920 1080 35
258 1920 1080 34
259 1920 1080 35
260 1920 1080 33
261 1920 1080 35
262 1920 1080 34
263 1920 1080 35
264 1920 1080 33
265 1920 1080 35
266 1920 1080 34
267 1920 1080 35
268 1920 1080 33
269 1920 1080 35
270 1920 1080 34
271 1920 1080 35
272 1920 1080 33
273 1920 1080 35
274 1920 1080 34
275 1920 1080 35
276 1920 1080 33
277 1920 1080 35
278 1920 1080 34
279 1920 1080 35
280 1920 1080 33
281 1920 1080 35
282 1920 1080 34
283 1920 1080 35
284 1920 1080 33
285 1920 1080 35
286 1920 1080 34
287 1920 1080 35
288 1920 1080 33
289 1920 1080 35
290 1920 1080 34
291 1920 1080 35
292 1920 1080 33
293 1920 1080 35
294 1920 1080 34
295 1920 1080 35
296 1920 1080 33
297 1920 1080 35
298 1920 1080 34
299 1920 1080 35
300 1920 1080 33
301 1920 1080 35
302 1920 1080 34
303 1920 1080 35
304 1920 1080 33
305 1920 1080 35
306 1920 1080 34
307 1920 1080 35
308 1920 1080 33
309 1920 1080 35
310 1920 1080 34
311 1920 1080 35
312 1920 1080 33
313 1920 1080 35
314 1920 1080 34
315 1920 1080 35
316 1920 1080 33
317 1920 1080 35
318 1920 1080 34
319 1920 1080 35
320 1920 1080 33
321 1920 1080 35
322 1920 1080 34
323 1920 1080 35
324 1920 1080 33
325 1920 1080 35
326 1920 1080 34
327 1920 1080 35
328 1920 1080 33
329 1920 1080 35
330 1920 1080 34
331 1920 1080 35
332 1920 1080 33
333 1920 1080 35
334 1920 1080 34
335 1920 1080 35
336 1920 1080 33
337 1920 1080 35
338 1920 1080 34
339 1920 1080 35
340 1920 1080 33
341 1920 1080 35
342 1920 1080 34
343 1920 1080 35
344 1920 1080 33
345 1920 1080 35
346 1920 1080 34
347 1920 1080 35
348 1920 1080 33
349 1920 1080 35
350 1920 1080 34
351 1920 1080 35
352 1920 1080 33
353 1920 1080 35
354 1920 1080 34
355 1920 1080 35
356 1920 1080 33
357 1920 1080 35
358 1920 1080 34
359 1920 1080 35
360 1920 1080 33
361 1920 1080 35
362 1920 1080 34
363 1920 1080 35
364 1920 1080 33
365 1920 1080 35
366 1920 1080 34
367 1920 1080 35
368 1920 1080 33
369 1920 1080 35
370 1920 1080 34
371 1920 1080 35
372 1920 1080 33
373 1920 1080 35
374 1920 1080 34
375 1920 1080 35
376 1920 1080 33
377 1920 1080 35
378 1920 1080 34
379 1920 1080 35
380 1920 1080 33
381 1920 1080 35
382 1920 1080 34
383 1920 1080 35
384 1920 1080 33
385 1920 1080 35
386 1920 1080 34
387 1920 1080 35
388 1920 1080 33
389 1920 1080 35
390 1920 1080 34
391 1920 1080 35
392 1920 1080 33
393 1920 1080 35
394 1920 1080 34
395 1920 1080 35
396 1920 1080 33
397 1920 1080 35
398 1920 1080 34
399 1920 1080 35
400 1920 1080 33
401 1920 1080 35
402 1920 1080 34
403 1920 1080 35
404 1920 1080 33
405 1920 1080 35
406 1920 1080 34
407 1920 1080 35
408 1920 1080 33
409 1920 1080 35
410 1920 1080 34
411 1920 1080 35
412 1920 1080 33
413 1920 1080 35
414 1920 1080 34
415 1920 1080 35
416 1920 1080 33
417 1920 1080 35
418 1920 1080 34
419 1920 1080 35
420 1920 1080 33
421 1920 1080 35
422 1920 1080 34
423 1920 1080 35
424 1920 1080 33
425 1920 1080 35
426 1920 1080 34
427 1920 1080 35
428 1920 1080 33
429 1920 1080 35
430 1920 1080 34
431 1920 1080 35
432 1920 1080 33
433 1920 1080 35
434 1920 1080 34
435 1920 1080 35
436 1920 1080 33
437 1920 1080 35
438 1920 1080 34
439 1920 1080 35
440 1920 1080 33
441 1920 1080 35
442 1920 1080 34
443 1920 1080 35
444 1920 1080 33
445 1920 1080 35
446 1920 1080 34
447 1920 1080 35
448 1920 1080 33
449 1920 1080 35
450 1920 1080 34
451 1920 1080 35
452 1920 1080 33
453 1920 1080 35
454 1920 1080 34
455 1920 1080 35
456 1920 1080 33
457 1920 1080 35
458 1920 1080 34
459 1920 1080 35
460 1920 1080 33
461 1920 1080 35
462 1920 1080 34
463 1920 1080 35
464 1920 1080 33
465 1920 1080 35
466 1920 1080 34
467 1920 1080 35
468 1920 1080 33
469 1920 1080 35
470 1920 1080 34
471 1920 1080 35
472 1920 1080 33
473 1920 1080 35
474 1920 1080 34
475 1920 1080 35
476 1920 1080 33
477 1920 1080 35
478 1920 1080 34
479 1920 1080 35
480 1920 1080 33
481 1920 1080 35
482 1920 1080 34
483 1920 1080 35
484 1920 1080 33
485 1920 1080 35
486 1920 1080 34
487 1920 1080 35
488 1920 1080 33
489 1920 1080 35
490 1920 1080 34
491 1920 1080 35
492 1920 1080 33
493 1920 1080 35
494 1920 1080 34
495 1920 1080 35
496 1920 1080 33
497 1920 1080 35
498 1920 1080 34
499 1920 1080 35
