0 1920 1080 37  ../YUVs/old_town_cross_1080p50.yuv
1 1920 1080 40
2 1920 1080 39
3 1920 1080 40
4 1920 1080 38
5 1920 1080 40
6 1920 1080 39
7 1920 1080 40
8 1920 1080 38
9 1920 1080 40
10 1920 1080 39
11 1920 1080 40
12 1920 1080 38
13 1920 1080 40
14 1920 1080 39
15 1920 1080 40
16 1920 1080 38
17 1920 1080 40
18 1920 1080 39
19 1920 1080 40
20 1920 1080 38
21 1920 1080 40
22 1920 1080 39
23 1920 1080 40
24 1920 1080 38
25 1920 1080 40
26 1920 1080 39
27 1920 1080 40
28 1920 1080 38
29 1920 1080 40
30 1920 1080 39
31 1920 1080 40
32 1920 1080 38
33 1920 1080 40
34 1920 1080 39
35 1920 1080 40
36 1920 1080 38
37 1920 1080 40
38 1920 1080 39
39 1920 1080 40
40 1920 1080 38
41 1920 1080 40
42 1920 1080 39
43 1920 1080 40
44 1920 1080 38
45 1920 1080 40
46 1920 1080 39
47 1920 1080 40
48 1920 1080 38
49 1920 1080 40
50 1920 1080 39
51 1920 1080 40
52 1920 1080 38
53 1920 1080 40
54 1920 1080 39
55 1920 1080 40
56 1920 1080 38
57 1920 1080 40
58 1920 1080 39
59 1920 1080 40
60 1920 1080 38
61 1920 1080 40
62 1920 1080 39
63 1920 1080 40
64 1920 1080 38
65 1920 1080 40
66 1920 1080 39
67 1920 1080 40
68 1920 1080 38
69 1920 1080 40
70 1920 1080 39
71 1920 1080 40
72 1920 1080 38
73 1920 1080 40
74 1920 1080 39
75 1920 1080 40
76 1920 1080 38
77 1920 1080 40
78 1920 1080 39
79 1920 1080 40
80 1920 1080 38
81 1920 1080 40
82 1920 1080 39
83 1920 1080 40
84 1920 1080 38
85 1920 1080 40
86 1920 1080 39
87 1920 1080 40
88 1920 1080 38
89 1920 1080 40
90 1920 1080 39
91 1920 1080 40
92 1920 1080 38
93 1920 1080 40
94 1920 1080 39
95 1920 1080 40
96 1920 1080 38
97 1920 1080 40
98 1920 1080 39
99 1920 1080 40
100 1920 1080 38
101 1920 1080 40
102 1920 1080 39
103 1920 1080 40
104 1920 1080 38
105 1920 1080 40
106 1920 1080 39
107 1920 1080 40
108 1920 1080 38
109 1920 1080 40
110 1920 1080 39
111 1920 1080 40
112 1920 1080 38
113 1920 1080 40
114 1920 1080 39
115 1920 1080 40
116 1920 1080 38
117 1920 1080 40
118 1920 1080 39
119 1920 1080 40
120 1920 1080 38
121 1920 1080 40
122 1920 1080 39
123 1920 1080 40
124 1920 1080 38
125 1920 1080 40
126 1920 1080 39
127 1920 1080 40
128 1920 1080 38
129 1920 1080 40
130 1920 1080 39
131 1920 1080 40
132 1920 1080 38
133 1920 1080 40
134 1920 1080 39
135 1920 1080 40
136 1920 1080 38
137 1920 1080 40
138 1920 1080 39
139 1920 1080 40
140 1920 1080 38
141 1920 1080 40
142 1920 1080 39
143 1920 1080 40
144 1920 1080 38
145 1920 1080 40
146 1920 1080 39
147 1920 1080 40
148 1920 1080 38
149 1920 1080 40
150 1920 1080 39
151 1920 1080 40
152 1920 1080 38
153 1920 1080 40
154 1920 1080 39
155 1920 1080 40
156 1920 1080 38
157 1920 1080 40
158 1920 1080 39
159 1920 1080 40
160 1920 1080 38
161 1920 1080 40
162 1920 1080 39
163 1920 1080 40
164 1920 1080 38
165 1920 1080 40
166 1920 1080 39
167 1920 1080 40
168 1920 1080 38
169 1920 1080 40
170 1920 1080 39
171 1920 1080 40
172 1920 1080 38
173 1920 1080 40
174 1920 1080 39
175 1920 1080 40
176 1920 1080 38
177 1920 1080 40
178 1920 1080 39
179 1920 1080 40
180 1920 1080 38
181 1920 1080 40
182 1920 1080 39
183 1920 1080 40
184 1920 1080 38
185 1920 1080 40
186 1920 1080 39
187 1920 1080 40
188 1920 1080 38
189 1920 1080 40
190 1920 1080 39
191 1920 1080 40
192 1920 1080 38
193 1920 1080 40
194 1920 1080 39
195 1920 1080 40
196 1920 1080 38
197 1920 1080 40
198 1920 1080 39
199 1920 1080 40
200 1920 1080 38
201 1920 1080 40
202 1920 1080 39
203 1920 1080 40
204 1920 1080 38
205 1920 1080 40
206 1920 1080 39
207 1920 1080 40
208 1920 1080 38
209 1920 1080 40
210 1920 1080 39
211 1920 1080 40
212 1920 1080 38
213 1920 1080 40
214 1920 1080 39
215 1920 1080 40
216 1920 1080 38
217 1920 1080 40
218 1920 1080 39
219 1920 1080 40
220 1920 1080 38
221 1920 1080 40
222 1920 1080 39
223 1920 1080 40
224 1920 1080 38
225 1920 1080 40
226 1920 1080 39
227 1920 1080 40
228 1920 1080 38
229 1920 1080 40
230 1920 1080 39
231 1920 1080 40
232 1920 1080 38
233 1920 1080 40
234 1920 1080 39
235 1920 1080 40
236 1920 1080 38
237 1920 1080 40
238 1920 1080 39
239 1920 1080 40
240 1920 1080 38
241 1920 1080 40
242 1920 1080 39
243 1920 1080 40
244 1920 1080 38
245 1920 1080 40
246 1920 1080 39
247 1920 1080 40
248 1920 1080 38
249 1920 1080 40
250 1920 1080 39
251 1920 1080 40
252 1920 1080 38
253 1920 1080 40
254 1920 1080 39
255 1920 1080 40
256 1920 1080 38
257 1920 1080 40
258 1920 1080 39
259 1920 1080 40
260 1920 1080 38
261 1920 1080 40
262 1920 1080 39
263 1920 1080 40
264 1920 1080 38
265 1920 1080 40
266 1920 1080 39
267 1920 1080 40
268 1920 1080 38
269 1920 1080 40
270 1920 1080 39
271 1920 1080 40
272 1920 1080 38
273 1920 1080 40
274 1920 1080 39
275 1920 1080 40
276 1920 1080 38
277 1920 1080 40
278 1920 1080 39
279 1920 1080 40
280 1920 1080 38
281 1920 1080 40
282 1920 1080 39
283 1920 1080 40
284 1920 1080 38
285 1920 1080 40
286 1920 1080 39
287 1920 1080 40
288 1920 1080 38
289 1920 1080 40
290 1920 1080 39
291 1920 1080 40
292 1920 1080 38
293 1920 1080 40
294 1920 1080 39
295 1920 1080 40
296 1920 1080 38
297 1920 1080 40
298 1920 1080 39
299 1920 1080 40
300 1920 1080 38
301 1920 1080 40
302 1920 1080 39
303 1920 1080 40
304 1920 1080 38
305 1920 1080 40
306 1920 1080 39
307 1920 1080 40
308 1920 1080 38
309 1920 1080 40
310 1920 1080 39
311 1920 1080 40
312 1920 1080 38
313 1920 1080 40
314 1920 1080 39
315 1920 1080 40
316 1920 1080 38
317 1920 1080 40
318 1920 1080 39
319 1920 1080 40
320 1920 1080 38
321 1920 1080 40
322 1920 1080 39
323 1920 1080 40
324 1920 1080 38
325 1920 1080 40
326 1920 1080 39
327 1920 1080 40
328 1920 1080 38
329 1920 1080 40
330 1920 1080 39
331 1920 1080 40
332 1920 1080 38
333 1920 1080 40
334 1920 1080 39
335 1920 1080 40
336 1920 1080 38
337 1920 1080 40
338 1920 1080 39
339 1920 1080 40
340 1920 1080 38
341 1920 1080 40
342 1920 1080 39
343 1920 1080 40
344 1920 1080 38
345 1920 1080 40
346 1920 1080 39
347 1920 1080 40
348 1920 1080 38
349 1920 1080 40
350 1920 1080 39
351 1920 1080 40
352 1920 1080 38
353 1920 1080 40
354 1920 1080 39
355 1920 1080 40
356 1920 1080 38
357 1920 1080 40
358 1920 1080 39
359 1920 1080 40
360 1920 1080 38
361 1920 1080 40
362 1920 1080 39
363 1920 1080 40
364 1920 1080 38
365 1920 1080 40
366 1920 1080 39
367 1920 1080 40
368 1920 1080 38
369 1920 1080 40
370 1920 1080 39
371 1920 1080 40
372 1920 1080 38
373 1920 1080 40
374 1920 1080 39
375 1920 1080 40
376 1920 1080 38
377 1920 1080 40
378 1920 1080 39
379 1920 1080 40
380 1920 1080 38
381 1920 1080 40
382 1920 1080 39
383 1920 1080 40
384 1920 1080 38
385 1920 1080 40
386 1920 1080 39
387 1920 1080 40
388 1920 1080 38
389 1920 1080 40
390 1920 1080 39
391 1920 1080 40
392 1920 1080 38
393 1920 1080 40
394 1920 1080 39
395 1920 1080 40
396 1920 1080 38
397 1920 1080 40
398 1920 1080 39
399 1920 1080 40
400 1920 1080 38
401 1920 1080 40
402 1920 1080 39
403 1920 1080 40
404 1920 1080 38
405 1920 1080 40
406 1920 1080 39
407 1920 1080 40
408 1920 1080 38
409 1920 1080 40
410 1920 1080 39
411 1920 1080 40
412 1920 1080 38
413 1920 1080 40
414 1920 1080 39
415 1920 1080 40
416 1920 1080 38
417 1920 1080 40
418 1920 1080 39
419 1920 1080 40
420 1920 1080 38
421 1920 1080 40
422 1920 1080 39
423 1920 1080 40
424 1920 1080 38
425 1920 1080 40
426 1920 1080 39
427 1920 1080 40
428 1920 1080 38
429 1920 1080 40
430 1920 1080 39
431 1920 1080 40
432 1920 1080 38
433 1920 1080 40
434 1920 1080 39
435 1920 1080 40
436 1920 1080 38
437 1920 1080 40
438 1920 1080 39
439 1920 1080 40
440 1920 1080 38
441 1920 1080 40
442 1920 1080 39
443 1920 1080 40
444 1920 1080 38
445 1920 1080 40
446 1920 1080 39
447 1920 1080 40
448 1920 1080 38
449 1920 1080 40
450 1920 1080 39
451 1920 1080 40
452 1920 1080 38
453 1920 1080 40
454 1920 1080 39
455 1920 1080 40
456 1920 1080 38
457 1920 1080 40
458 1920 1080 39
459 1920 1080 40
460 1920 1080 38
461 1920 1080 40
462 1920 1080 39
463 1920 1080 40
464 1920 1080 38
465 1920 1080 40
466 1920 1080 39
467 1920 1080 40
468 1920 1080 38
469 1920 1080 40
470 1920 1080 39
471 1920 1080 40
472 1920 1080 38
473 1920 1080 40
474 1920 1080 39
475 1920 1080 40
476 1920 1080 38
477 1920 1080 40
478 1920 1080 39
479 1920 1080 40
480 1920 1080 38
481 1920 1080 40
482 1920 1080 39
483 1920 1080 40
484 1920 1080 38
485 1920 1080 40
486 1920 1080 39
487 1920 1080 40
488 1920 1080 38
489 1920 1080 40
490 1920 1080 39
491 1920 1080 40
492 1920 1080 38
493 1920 1080 40
494 1920 1080 39
495 1920 1080 40
496 1920 1080 38
497 1920 1080 40
498 1920 1080 39
499 1920 1080 40
