0 1920 1080 37  ../YUVs/red_kayak_1080p.yuv
1 1920 1080 40
2 1920 1080 39
3 1920 1080 40
4 1920 1080 38
5 1920 1080 40
6 1920 1080 39
7 1920 1080 40
8 1920 1080 38
9 1920 1080 40
10 1920 1080 39
11 1920 1080 40
12 1920 1080 38
13 1920 1080 40
14 1920 1080 39
15 1920 1080 40
16 1920 1080 38
17 1920 1080 40
18 1920 1080 39
19 1920 1080 40
20 1920 1080 38
21 1920 1080 40
22 1920 1080 39
23 1920 1080 40
24 1920 1080 38
25 1920 1080 40
26 1920 1080 39
27 1920 1080 40
28 1920 1080 38
29 1920 1080 40
30 1920 1080 39
31 1920 1080 40
32 1920 1080 38
33 1920 1080 40
34 1920 1080 39
35 1920 1080 40
36 1920 1080 38
37 1920 1080 40
38 1920 1080 39
39 1920 1080 40
40 1920 1080 38
41 1920 1080 40
42 1920 1080 39
43 1920 1080 40
44 1920 1080 38
45 1920 1080 40
46 1920 1080 39
47 1920 1080 40
48 1920 1080 38
49 1920 1080 40
50 1920 1080 39
51 1920 1080 40
52 1920 1080 38
53 1920 1080 40
54 1920 1080 39
55 1920 1080 40
56 1920 1080 38
57 1920 1080 40
58 1920 1080 39
59 1920 1080 40
60 1920 1080 38
61 1920 1080 40
62 1920 1080 39
63 1920 1080 40
64 1920 1080 38
65 1920 1080 40
66 1920 1080 39
67 1920 1080 40
68 1920 1080 38
69 1920 1080 40
70 1920 1080 39
71 1920 1080 40
72 1920 1080 38
73 1920 1080 40
74 1920 1080 39
75 1920 1080 40
76 1920 1080 38
77 1920 1080 40
78 1920 1080 39
79 1920 1080 40
80 1920 1080 38
81 1920 1080 40
82 1920 1080 39
83 1920 1080 40
84 1920 1080 38
85 1920 1080 40
86 1920 1080 39
87 1920 1080 40
88 1920 1080 38
89 1920 1080 40
90 1920 1080 39
91 1920 1080 40
92 1920 1080 38
93 1920 1080 40
94 1920 1080 39
95 1920 1080 40
96 1920 1080 38
97 1920 1080 40
98 1920 1080 39
99 1920 1080 40
100 1920 1080 38
101 1920 1080 40
102 1920 1080 39
103 1920 1080 40
104 1920 1080 38
105 1920 1080 40
106 1920 1080 39
107 1920 1080 40
108 1920 1080 38
109 1920 1080 40
110 1920 1080 39
111 1920 1080 40
112 1920 1080 38
113 1920 1080 40
114 1920 1080 39
115 1920 1080 40
116 1920 1080 38
117 1920 1080 40
118 1920 1080 39
119 1920 1080 40
120 1920 1080 38
121 1920 1080 40
122 1920 1080 39
123 1920 1080 40
124 1920 1080 38
125 1920 1080 40
126 1920 1080 39
127 1920 1080 40
128 1920 1080 38
129 1920 1080 40
130 1920 1080 39
131 1920 1080 40
132 1920 1080 38
133 1920 1080 40
134 1920 1080 39
135 1920 1080 40
136 1920 1080 38
137 1920 1080 40
138 1920 1080 39
139 1920 1080 40
140 1920 1080 38
141 1920 1080 40
142 1920 1080 39
143 1920 1080 40
144 1920 1080 38
145 1920 1080 40
146 1920 1080 39
147 1920 1080 40
148 1920 1080 38
149 1920 1080 40
150 1920 1080 39
151 1920 1080 40
152 1920 1080 38
153 1920 1080 40
154 1920 1080 39
155 1920 1080 40
156 1920 1080 38
157 1920 1080 40
158 1920 1080 39
159 1920 1080 40
160 1920 1080 38
161 1920 1080 40
162 1920 1080 39
163 1920 1080 40
164 1920 1080 38
165 1920 1080 40
166 1920 1080 39
167 1920 1080 40
168 1920 1080 38
169 1920 1080 40
170 1920 1080 39
171 1920 1080 40
172 1920 1080 38
173 1920 1080 40
174 1920 1080 39
175 1920 1080 40
176 1920 1080 38
177 1920 1080 40
178 1920 1080 39
179 1920 1080 40
180 1920 1080 38
181 1920 1080 40
182 1920 1080 39
183 1920 1080 40
184 1920 1080 38
185 1920 1080 40
186 1920 1080 39
187 1920 1080 40
188 1920 1080 38
189 1920 1080 40
190 1920 1080 39
191 1920 1080 40
192 1920 1080 38
193 1920 1080 40
194 1920 1080 39
195 1920 1080 40
196 1920 1080 38
197 1920 1080 40
198 1920 1080 39
199 1920 1080 40
200 1920 1080 38
201 1920 1080 40
202 1920 1080 39
203 1920 1080 40
204 1920 1080 38
205 1920 1080 40
206 1920 1080 39
207 1920 1080 40
208 1920 1080 38
209 1920 1080 40
210 1920 1080 39
211 1920 1080 40
212 1920 1080 38
213 1920 1080 40
214 1920 1080 39
215 1920 1080 40
216 1920 1080 38
217 1920 1080 40
218 1920 1080 39
219 1920 1080 40
220 1920 1080 38
221 1920 1080 40
222 1920 1080 39
223 1920 1080 40
224 1920 1080 38
225 1920 1080 40
226 1920 1080 39
227 1920 1080 40
228 1920 1080 38
229 1920 1080 40
230 1920 1080 39
231 1920 1080 40
232 1920 1080 38
233 1920 1080 40
234 1920 1080 39
235 1920 1080 40
236 1920 1080 38
237 1920 1080 40
238 1920 1080 39
239 1920 1080 40
240 1920 1080 38
241 1920 1080 40
242 1920 1080 39
243 1920 1080 40
244 1920 1080 38
245 1920 1080 40
246 1920 1080 39
247 1920 1080 40
248 1920 1080 38
249 1920 1080 40
250 1920 1080 39
251 1920 1080 40
252 1920 1080 38
253 1920 1080 40
254 1920 1080 39
255 1920 1080 40
256 1920 1080 38
257 1920 1080 40
258 1920 1080 39
259 1920 1080 40
260 1920 1080 38
261 1920 1080 40
262 1920 1080 39
263 1920 1080 40
264 1920 1080 38
265 1920 1080 40
266 1920 1080 39
267 1920 1080 40
268 1920 1080 38
269 1920 1080 40
270 1920 1080 39
271 1920 1080 40
272 1920 1080 38
273 1920 1080 40
274 1920 1080 39
275 1920 1080 40
276 1920 1080 38
277 1920 1080 40
278 1920 1080 39
279 1920 1080 40
280 1920 1080 38
281 1920 1080 40
282 1920 1080 39
283 1920 1080 40
284 1920 1080 38
285 1920 1080 40
286 1920 1080 39
287 1920 1080 40
288 1920 1080 38
289 1920 1080 40
290 1920 1080 39
291 1920 1080 40
292 1920 1080 38
293 1920 1080 40
294 1920 1080 39
295 1920 1080 40
296 1920 1080 38
297 1920 1080 40
298 1920 1080 39
299 1920 1080 40
