0 704 576 37  ../YUVs/soccer_4cif.yuv
1 704 576 40
2 704 576 39
3 704 576 40
4 704 576 38
5 704 576 40
6 704 576 39
7 704 576 40
8 704 576 38
9 704 576 40
10 704 576 39
11 704 576 40
12 704 576 38
13 704 576 40
14 704 576 39
15 704 576 40
16 704 576 38
17 704 576 40
18 704 576 39
19 704 576 40
20 704 576 38
21 704 576 40
22 704 576 39
23 704 576 40
24 704 576 38
25 704 576 40
26 704 576 39
27 704 576 40
28 704 576 38
29 704 576 40
30 704 576 39
31 704 576 40
32 704 576 38
33 704 576 40
34 704 576 39
35 704 576 40
36 704 576 38
37 704 576 40
38 704 576 39
39 704 576 40
40 704 576 38
41 704 576 40
42 704 576 39
43 704 576 40
44 704 576 38
45 704 576 40
46 704 576 39
47 704 576 40
48 704 576 38
49 704 576 40
50 704 576 39
51 704 576 40
52 704 576 38
53 704 576 40
54 704 576 39
55 704 576 40
56 704 576 38
57 704 576 40
58 704 576 39
59 704 576 40
60 704 576 38
61 704 576 40
62 704 576 39
63 704 576 40
64 704 576 38
65 704 576 40
66 704 576 39
67 704 576 40
68 704 576 38
69 704 576 40
70 704 576 39
71 704 576 40
72 704 576 38
73 704 576 40
74 704 576 39
75 704 576 40
76 704 576 38
77 704 576 40
78 704 576 39
79 704 576 40
80 704 576 38
81 704 576 40
82 704 576 39
83 704 576 40
84 704 576 38
85 704 576 40
86 704 576 39
87 704 576 40
88 704 576 38
89 704 576 40
90 704 576 39
91 704 576 40
92 704 576 38
93 704 576 40
94 704 576 39
95 704 576 40
96 704 576 38
97 704 576 40
98 704 576 39
99 704 576 40
100 704 576 38
101 704 576 40
102 704 576 39
103 704 576 40
104 704 576 38
105 704 576 40
106 704 576 39
107 704 576 40
108 704 576 38
109 704 576 40
110 704 576 39
111 704 576 40
112 704 576 38
113 704 576 40
114 704 576 39
115 704 576 40
116 704 576 38
117 704 576 40
118 704 576 39
119 704 576 40
120 704 576 38
121 704 576 40
122 704 576 39
123 704 576 40
124 704 576 38
125 704 576 40
126 704 576 39
127 704 576 40
128 704 576 38
129 704 576 40
130 704 576 39
131 704 576 40
132 704 576 38
133 704 576 40
134 704 576 39
135 704 576 40
136 704 576 38
137 704 576 40
138 704 576 39
139 704 576 40
140 704 576 38
141 704 576 40
142 704 576 39
143 704 576 40
144 704 576 38
145 704 576 40
146 704 576 39
147 704 576 40
148 704 576 38
149 704 576 40
150 704 576 39
151 704 576 40
152 704 576 38
153 704 576 40
154 704 576 39
155 704 576 40
156 704 576 38
157 704 576 40
158 704 576 39
159 704 576 40
160 704 576 38
161 704 576 40
162 704 576 39
163 704 576 40
164 704 576 38
165 704 576 40
166 704 576 39
167 704 576 40
168 704 576 38
169 704 576 40
170 704 576 39
171 704 576 40
172 704 576 38
173 704 576 40
174 704 576 39
175 704 576 40
176 704 576 38
177 704 576 40
178 704 576 39
179 704 576 40
180 704 576 38
181 704 576 40
182 704 576 39
183 704 576 40
184 704 576 38
185 704 576 40
186 704 576 39
187 704 576 40
188 704 576 38
189 704 576 40
190 704 576 39
191 704 576 40
192 704 576 38
193 704 576 40
194 704 576 39
195 704 576 40
196 704 576 38
197 704 576 40
198 704 576 39
199 704 576 40
200 704 576 38
201 704 576 40
202 704 576 39
203 704 576 40
204 704 576 38
205 704 576 40
206 704 576 39
207 704 576 40
208 704 576 38
209 704 576 40
210 704 576 39
211 704 576 40
212 704 576 38
213 704 576 40
214 704 576 39
215 704 576 40
216 704 576 38
217 704 576 40
218 704 576 39
219 704 576 40
220 704 576 38
221 704 576 40
222 704 576 39
223 704 576 40
224 704 576 38
225 704 576 40
226 704 576 39
227 704 576 40
228 704 576 38
229 704 576 40
230 704 576 39
231 704 576 40
232 704 576 38
233 704 576 40
234 704 576 39
235 704 576 40
236 704 576 38
237 704 576 40
238 704 576 39
239 704 576 40
240 704 576 38
241 704 576 40
242 704 576 39
243 704 576 40
244 704 576 38
245 704 576 40
246 704 576 39
247 704 576 40
248 704 576 38
249 704 576 40
250 704 576 39
251 704 576 40
252 704 576 38
253 704 576 40
254 704 576 39
255 704 576 40
256 704 576 38
257 704 576 40
258 704 576 39
259 704 576 40
260 704 576 38
261 704 576 40
262 704 576 39
263 704 576 40
264 704 576 38
265 704 576 40
266 704 576 39
267 704 576 40
268 704 576 38
269 704 576 40
270 704 576 39
271 704 576 40
272 704 576 38
273 704 576 40
274 704 576 39
275 704 576 40
276 704 576 38
277 704 576 40
278 704 576 39
279 704 576 40
280 704 576 38
281 704 576 40
282 704 576 39
283 704 576 40
284 704 576 38
285 704 576 40
286 704 576 39
287 704 576 40
288 704 576 38
289 704 576 40
290 704 576 39
291 704 576 40
292 704 576 38
293 704 576 40
294 704 576 39
295 704 576 40
296 704 576 38
297 704 576 40
298 704 576 39
299 704 576 40
300 704 576 38
301 704 576 40
302 704 576 39
303 704 576 40
304 704 576 38
305 704 576 40
306 704 576 39
307 704 576 40
308 704 576 38
309 704 576 40
310 704 576 39
311 704 576 40
312 704 576 38
313 704 576 40
314 704 576 39
315 704 576 40
316 704 576 38
317 704 576 40
318 704 576 39
319 704 576 40
320 704 576 38
321 704 576 40
322 704 576 39
323 704 576 40
324 704 576 38
325 704 576 40
326 704 576 39
327 704 576 40
328 704 576 38
329 704 576 40
330 704 576 39
331 704 576 40
332 704 576 38
333 704 576 40
334 704 576 39
335 704 576 40
336 704 576 38
337 704 576 40
338 704 576 39
339 704 576 40
340 704 576 38
341 704 576 40
342 704 576 39
343 704 576 40
344 704 576 38
345 704 576 40
346 704 576 39
347 704 576 40
348 704 576 38
349 704 576 40
350 704 576 39
351 704 576 40
352 704 576 38
353 704 576 40
354 704 576 39
355 704 576 40
356 704 576 38
357 704 576 40
358 704 576 39
359 704 576 40
360 704 576 38
361 704 576 40
362 704 576 39
363 704 576 40
364 704 576 38
365 704 576 40
366 704 576 39
367 704 576 40
368 704 576 38
369 704 576 40
370 704 576 39
371 704 576 40
372 704 576 38
373 704 576 40
374 704 576 39
375 704 576 40
376 704 576 38
377 704 576 40
378 704 576 39
379 704 576 40
380 704 576 38
381 704 576 40
382 704 576 39
383 704 576 40
384 704 576 38
385 704 576 40
386 704 576 39
387 704 576 40
388 704 576 38
389 704 576 40
390 704 576 39
391 704 576 40
392 704 576 38
393 704 576 40
394 704 576 39
395 704 576 40
396 704 576 38
397 704 576 40
398 704 576 39
399 704 576 40
400 704 576 38
401 704 576 40
402 704 576 39
403 704 576 40
404 704 576 38
405 704 576 40
406 704 576 39
407 704 576 40
408 704 576 38
409 704 576 40
410 704 576 39
411 704 576 40
412 704 576 38
413 704 576 40
414 704 576 39
415 704 576 40
416 704 576 38
417 704 576 40
418 704 576 39
419 704 576 40
420 704 576 38
421 704 576 40
422 704 576 39
423 704 576 40
424 704 576 38
425 704 576 40
426 704 576 39
427 704 576 40
428 704 576 38
429 704 576 40
430 704 576 39
431 704 576 40
432 704 576 38
433 704 576 40
434 704 576 39
435 704 576 40
436 704 576 38
437 704 576 40
438 704 576 39
439 704 576 40
440 704 576 38
441 704 576 40
442 704 576 39
443 704 576 40
444 704 576 38
445 704 576 40
446 704 576 39
447 704 576 40
448 704 576 38
449 704 576 40
450 704 576 39
451 704 576 40
452 704 576 38
453 704 576 40
454 704 576 39
455 704 576 40
456 704 576 38
457 704 576 40
458 704 576 39
459 704 576 40
460 704 576 38
461 704 576 40
462 704 576 39
463 704 576 40
464 704 576 38
465 704 576 40
466 704 576 39
467 704 576 40
468 704 576 38
469 704 576 40
470 704 576 39
471 704 576 40
472 704 576 38
473 704 576 40
474 704 576 39
475 704 576 40
476 704 576 38
477 704 576 40
478 704 576 39
479 704 576 40
480 704 576 38
481 704 576 40
482 704 576 39
483 704 576 40
484 704 576 38
485 704 576 40
486 704 576 39
487 704 576 40
488 704 576 38
489 704 576 40
490 704 576 39
491 704 576 40
492 704 576 38
493 704 576 40
494 704 576 39
495 704 576 40
496 704 576 38
497 704 576 40
498 704 576 39
499 704 576 40
500 704 576 38
501 704 576 40
502 704 576 39
503 704 576 40
504 704 576 38
505 704 576 40
506 704 576 39
507 704 576 40
508 704 576 38
509 704 576 40
510 704 576 39
511 704 576 40
512 704 576 38
513 704 576 40
514 704 576 39
515 704 576 40
516 704 576 38
517 704 576 40
518 704 576 39
519 704 576 40
520 704 576 38
521 704 576 40
522 704 576 39
523 704 576 40
524 704 576 38
525 704 576 40
526 704 576 39
527 704 576 40
528 704 576 38
529 704 576 40
530 704 576 39
531 704 576 40
532 704 576 38
533 704 576 40
534 704 576 39
535 704 576 40
536 704 576 38
537 704 576 40
538 704 576 39
539 704 576 40
540 704 576 38
541 704 576 40
542 704 576 39
543 704 576 40
544 704 576 38
545 704 576 40
546 704 576 39
547 704 576 40
548 704 576 38
549 704 576 40
550 704 576 39
551 704 576 40
552 704 576 38
553 704 576 40
554 704 576 39
555 704 576 40
556 704 576 38
557 704 576 40
558 704 576 39
559 704 576 40
560 704 576 38
561 704 576 40
562 704 576 39
563 704 576 40
564 704 576 38
565 704 576 40
566 704 576 39
567 704 576 40
568 704 576 38
569 704 576 40
570 704 576 39
571 704 576 40
572 704 576 38
573 704 576 40
574 704 576 39
575 704 576 40
576 704 576 38
577 704 576 40
578 704 576 39
579 704 576 40
580 704 576 38
581 704 576 40
582 704 576 39
583 704 576 40
584 704 576 38
585 704 576 40
586 704 576 39
587 704 576 40
588 704 576 38
589 704 576 40
590 704 576 39
591 704 576 40
592 704 576 38
593 704 576 40
594 704 576 39
595 704 576 40
596 704 576 38
597 704 576 40
598 704 576 39
599 704 576 40
