0 1920 1080 32  ../YUVs/Kimono_1920x1080_24.yuv
1 1920 1080 35
2 1920 1080 34
3 1920 1080 35
4 1920 1080 33
5 1920 1080 35
6 1920 1080 34
7 1920 1080 35
8 1920 1080 33
9 1920 1080 35
10 1920 1080 34
11 1920 1080 35
12 1920 1080 33
13 1920 1080 35
14 1920 1080 34
15 1920 1080 35
16 1920 1080 33
17 1920 1080 35
18 1920 1080 34
19 1920 1080 35
20 1920 1080 33
21 1920 1080 35
22 1920 1080 34
23 1920 1080 35
24 1920 1080 33
25 1920 1080 35
26 1920 1080 34
27 1920 1080 35
28 1920 1080 33
29 1920 1080 35
30 1920 1080 34
31 1920 1080 35
32 1920 1080 33
33 1920 1080 35
34 1920 1080 34
35 1920 1080 35
36 1920 1080 33
37 1920 1080 35
38 1920 1080 34
39 1920 1080 35
40 1920 1080 33
41 1920 1080 35
42 1920 1080 34
43 1920 1080 35
44 1920 1080 33
45 1920 1080 35
46 1920 1080 34
47 1920 1080 35
48 1920 1080 33
49 1920 1080 35
50 1920 1080 34
51 1920 1080 35
52 1920 1080 33
53 1920 1080 35
54 1920 1080 34
55 1920 1080 35
56 1920 1080 33
57 1920 1080 35
58 1920 1080 34
59 1920 1080 35
60 1920 1080 33
61 1920 1080 35
62 1920 1080 34
63 1920 1080 35
64 1920 1080 33
65 1920 1080 35
66 1920 1080 34
67 1920 1080 35
68 1920 1080 33
69 1920 1080 35
70 1920 1080 34
71 1920 1080 35
72 1920 1080 33
73 1920 1080 35
74 1920 1080 34
75 1920 1080 35
76 1920 1080 33
77 1920 1080 35
78 1920 1080 34
79 1920 1080 35
80 1920 1080 33
81 1920 1080 35
82 1920 1080 34
83 1920 1080 35
84 1920 1080 33
85 1920 1080 35
86 1920 1080 34
87 1920 1080 35
88 1920 1080 33
89 1920 1080 35
90 1920 1080 34
91 1920 1080 35
92 1920 1080 33
93 1920 1080 35
94 1920 1080 34
95 1920 1080 35
96 1920 1080 33
97 1920 1080 35
98 1920 1080 34
99 1920 1080 35
100 1920 1080 33
101 1920 1080 35
102 1920 1080 34
103 1920 1080 35
104 1920 1080 33
105 1920 1080 35
106 1920 1080 34
107 1920 1080 35
108 1920 1080 33
109 1920 1080 35
110 1920 1080 34
111 1920 1080 35
112 1920 1080 33
113 1920 1080 35
114 1920 1080 34
115 1920 1080 35
116 1920 1080 33
117 1920 1080 35
118 1920 1080 34
119 1920 1080 35
120 1920 1080 33
121 1920 1080 35
122 1920 1080 34
123 1920 1080 35
124 1920 1080 33
125 1920 1080 35
126 1920 1080 34
127 1920 1080 35
128 1920 1080 33
129 1920 1080 35
130 1920 1080 34
131 1920 1080 35
132 1920 1080 33
133 1920 1080 35
134 1920 1080 34
135 1920 1080 35
136 1920 1080 33
137 1920 1080 35
138 1920 1080 34
139 1920 1080 35
140 1920 1080 33
141 1920 1080 35
142 1920 1080 34
143 1920 1080 35
144 1920 1080 33
145 1920 1080 35
146 1920 1080 34
147 1920 1080 35
148 1920 1080 33
149 1920 1080 35
150 1920 1080 34
151 1920 1080 35
152 1920 1080 33
153 1920 1080 35
154 1920 1080 34
155 1920 1080 35
156 1920 1080 33
157 1920 1080 35
158 1920 1080 34
159 1920 1080 35
160 1920 1080 33
161 1920 1080 35
162 1920 1080 34
163 1920 1080 35
164 1920 1080 33
165 1920 1080 35
166 1920 1080 34
167 1920 1080 35
168 1920 1080 33
169 1920 1080 35
170 1920 1080 34
171 1920 1080 35
172 1920 1080 33
173 1920 1080 35
174 1920 1080 34
175 1920 1080 35
176 1920 1080 33
177 1920 1080 35
178 1920 1080 34
179 1920 1080 35
180 1920 1080 33
181 1920 1080 35
182 1920 1080 34
183 1920 1080 35
184 1920 1080 33
185 1920 1080 35
186 1920 1080 34
187 1920 1080 35
188 1920 1080 33
189 1920 1080 35
190 1920 1080 34
191 1920 1080 35
192 1920 1080 33
193 1920 1080 35
194 1920 1080 34
195 1920 1080 35
196 1920 1080 33
197 1920 1080 35
198 1920 1080 34
199 1920 1080 35
200 1920 1080 33
201 1920 1080 35
202 1920 1080 34
203 1920 1080 35
204 1920 1080 33
205 1920 1080 35
206 1920 1080 34
207 1920 1080 35
208 1920 1080 33
209 1920 1080 35
210 1920 1080 34
211 1920 1080 35
212 1920 1080 33
213 1920 1080 35
214 1920 1080 34
215 1920 1080 35
216 1920 1080 33
217 1920 1080 35
218 1920 1080 34
219 1920 1080 35
220 1920 1080 33
221 1920 1080 35
222 1920 1080 34
223 1920 1080 35
224 1920 1080 33
225 1920 1080 35
226 1920 1080 34
227 1920 1080 35
228 1920 1080 33
229 1920 1080 35
230 1920 1080 34
231 1920 1080 35
232 1920 1080 33
233 1920 1080 35
234 1920 1080 34
235 1920 1080 35
236 1920 1080 33
237 1920 1080 35
238 1920 1080 34
239 1920 1080 35
