0 720 480 22  ../YUVs/mobile_calendar_720x480.yuv
1 720 480 25
2 720 480 24
3 720 480 25
4 720 480 23
5 720 480 25
6 720 480 24
7 720 480 25
8 720 480 23
9 720 480 25
10 720 480 24
11 720 480 25
12 720 480 23
13 720 480 25
14 720 480 24
15 720 480 25
16 720 480 23
17 720 480 25
18 720 480 24
19 720 480 25
20 720 480 23
21 720 480 25
22 720 480 24
23 720 480 25
24 720 480 23
25 720 480 25
26 720 480 24
27 720 480 25
28 720 480 23
29 720 480 25
30 720 480 24
31 720 480 25
32 720 480 23
33 720 480 25
34 720 480 24
35 720 480 25
36 720 480 23
37 720 480 25
38 720 480 24
39 720 480 25
40 720 480 23
41 720 480 25
42 720 480 24
43 720 480 25
44 720 480 23
45 720 480 25
46 720 480 24
47 720 480 25
48 720 480 23
49 720 480 25
50 720 480 24
51 720 480 25
52 720 480 23
53 720 480 25
54 720 480 24
55 720 480 25
56 720 480 23
57 720 480 25
58 720 480 24
59 720 480 25
60 720 480 23
61 720 480 25
62 720 480 24
63 720 480 25
64 720 480 23
65 720 480 25
66 720 480 24
67 720 480 25
68 720 480 23
69 720 480 25
70 720 480 24
71 720 480 25
72 720 480 23
73 720 480 25
74 720 480 24
75 720 480 25
76 720 480 23
77 720 480 25
78 720 480 24
79 720 480 25
80 720 480 23
81 720 480 25
82 720 480 24
83 720 480 25
84 720 480 23
85 720 480 25
86 720 480 24
87 720 480 25
88 720 480 23
89 720 480 25
90 720 480 24
91 720 480 25
92 720 480 23
93 720 480 25
94 720 480 24
95 720 480 25
96 720 480 23
97 720 480 25
98 720 480 24
99 720 480 25
100 720 480 23
101 720 480 25
102 720 480 24
103 720 480 25
104 720 480 23
105 720 480 25
106 720 480 24
107 720 480 25
108 720 480 23
109 720 480 25
110 720 480 24
111 720 480 25
112 720 480 23
113 720 480 25
114 720 480 24
115 720 480 25
116 720 480 23
117 720 480 25
118 720 480 24
119 720 480 25
120 720 480 23
121 720 480 25
122 720 480 24
123 720 480 25
124 720 480 23
125 720 480 25
126 720 480 24
127 720 480 25
128 720 480 23
129 720 480 25
130 720 480 24
131 720 480 25
132 720 480 23
133 720 480 25
134 720 480 24
135 720 480 25
136 720 480 23
137 720 480 25
138 720 480 24
139 720 480 25
140 720 480 23
141 720 480 25
142 720 480 24
143 720 480 25
144 720 480 23
145 720 480 25
146 720 480 24
147 720 480 25
148 720 480 23
149 720 480 25
150 720 480 24
151 720 480 25
152 720 480 23
153 720 480 25
154 720 480 24
155 720 480 25
156 720 480 23
157 720 480 25
158 720 480 24
159 720 480 25
160 720 480 23
161 720 480 25
162 720 480 24
163 720 480 25
164 720 480 23
165 720 480 25
166 720 480 24
167 720 480 25
168 720 480 23
169 720 480 25
170 720 480 24
171 720 480 25
172 720 480 23
173 720 480 25
174 720 480 24
175 720 480 25
176 720 480 23
177 720 480 25
178 720 480 24
179 720 480 25
180 720 480 23
181 720 480 25
182 720 480 24
183 720 480 25
184 720 480 23
185 720 480 25
186 720 480 24
187 720 480 25
188 720 480 23
189 720 480 25
190 720 480 24
191 720 480 25
192 720 480 23
193 720 480 25
194 720 480 24
195 720 480 25
196 720 480 23
197 720 480 25
198 720 480 24
199 720 480 25
200 720 480 23
201 720 480 25
202 720 480 24
203 720 480 25
204 720 480 23
205 720 480 25
206 720 480 24
207 720 480 25
208 720 480 23
209 720 480 25
210 720 480 24
211 720 480 25
212 720 480 23
213 720 480 25
214 720 480 24
215 720 480 25
216 720 480 23
217 720 480 25
218 720 480 24
219 720 480 25
220 720 480 23
221 720 480 25
222 720 480 24
223 720 480 25
224 720 480 23
225 720 480 25
226 720 480 24
227 720 480 25
228 720 480 23
229 720 480 25
230 720 480 24
231 720 480 25
232 720 480 23
233 720 480 25
234 720 480 24
235 720 480 25
236 720 480 23
237 720 480 25
238 720 480 24
239 720 480 25
240 720 480 23
241 720 480 25
242 720 480 24
243 720 480 25
244 720 480 23
245 720 480 25
246 720 480 24
247 720 480 25
248 720 480 23
249 720 480 25
250 720 480 24
251 720 480 25
252 720 480 23
253 720 480 25
254 720 480 24
255 720 480 25
256 720 480 23
257 720 480 25
258 720 480 24
259 720 480 25
260 720 480 23
261 720 480 25
262 720 480 24
263 720 480 25
264 720 480 23
265 720 480 25
266 720 480 24
267 720 480 25
268 720 480 23
269 720 480 25
270 720 480 24
271 720 480 25
272 720 480 23
273 720 480 25
274 720 480 24
275 720 480 25
276 720 480 23
277 720 480 25
278 720 480 24
279 720 480 25
280 720 480 23
281 720 480 25
282 720 480 24
283 720 480 25
284 720 480 23
285 720 480 25
286 720 480 24
287 720 480 25
288 720 480 23
289 720 480 25
290 720 480 24
291 720 480 25
292 720 480 23
293 720 480 25
294 720 480 24
295 720 480 25
296 720 480 23
297 720 480 25
298 720 480 24
299 720 480 25
