0 832 480 27  ../YUVs/RaceHorses_832x480_30.yuv
1 832 480 30
2 832 480 29
3 832 480 30
4 832 480 28
5 832 480 30
6 832 480 29
7 832 480 30
8 832 480 28
9 832 480 30
10 832 480 29
11 832 480 30
12 832 480 28
13 832 480 30
14 832 480 29
15 832 480 30
16 832 480 28
17 832 480 30
18 832 480 29
19 832 480 30
20 832 480 28
21 832 480 30
22 832 480 29
23 832 480 30
24 832 480 28
25 832 480 30
26 832 480 29
27 832 480 30
28 832 480 28
29 832 480 30
30 832 480 29
31 832 480 30
32 832 480 28
33 832 480 30
34 832 480 29
35 832 480 30
36 832 480 28
37 832 480 30
38 832 480 29
39 832 480 30
40 832 480 28
41 832 480 30
42 832 480 29
43 832 480 30
44 832 480 28
45 832 480 30
46 832 480 29
47 832 480 30
48 832 480 28
49 832 480 30
50 832 480 29
51 832 480 30
52 832 480 28
53 832 480 30
54 832 480 29
55 832 480 30
56 832 480 28
57 832 480 30
58 832 480 29
59 832 480 30
60 832 480 28
61 832 480 30
62 832 480 29
63 832 480 30
64 832 480 28
65 832 480 30
66 832 480 29
67 832 480 30
68 832 480 28
69 832 480 30
70 832 480 29
71 832 480 30
72 832 480 28
73 832 480 30
74 832 480 29
75 832 480 30
76 832 480 28
77 832 480 30
78 832 480 29
79 832 480 30
80 832 480 28
81 832 480 30
82 832 480 29
83 832 480 30
84 832 480 28
85 832 480 30
86 832 480 29
87 832 480 30
88 832 480 28
89 832 480 30
90 832 480 29
91 832 480 30
92 832 480 28
93 832 480 30
94 832 480 29
95 832 480 30
96 832 480 28
97 832 480 30
98 832 480 29
99 832 480 30
100 832 480 28
101 832 480 30
102 832 480 29
103 832 480 30
104 832 480 28
105 832 480 30
106 832 480 29
107 832 480 30
108 832 480 28
109 832 480 30
110 832 480 29
111 832 480 30
112 832 480 28
113 832 480 30
114 832 480 29
115 832 480 30
116 832 480 28
117 832 480 30
118 832 480 29
119 832 480 30
120 832 480 28
121 832 480 30
122 832 480 29
123 832 480 30
124 832 480 28
125 832 480 30
126 832 480 29
127 832 480 30
128 832 480 28
129 832 480 30
130 832 480 29
131 832 480 30
132 832 480 28
133 832 480 30
134 832 480 29
135 832 480 30
136 832 480 28
137 832 480 30
138 832 480 29
139 832 480 30
140 832 480 28
141 832 480 30
142 832 480 29
143 832 480 30
144 832 480 28
145 832 480 30
146 832 480 29
147 832 480 30
148 832 480 28
149 832 480 30
150 832 480 29
151 832 480 30
152 832 480 28
153 832 480 30
154 832 480 29
155 832 480 30
156 832 480 28
157 832 480 30
158 832 480 29
159 832 480 30
160 832 480 28
161 832 480 30
162 832 480 29
163 832 480 30
164 832 480 28
165 832 480 30
166 832 480 29
167 832 480 30
168 832 480 28
169 832 480 30
170 832 480 29
171 832 480 30
172 832 480 28
173 832 480 30
174 832 480 29
175 832 480 30
176 832 480 28
177 832 480 30
178 832 480 29
179 832 480 30
180 832 480 28
181 832 480 30
182 832 480 29
183 832 480 30
184 832 480 28
185 832 480 30
186 832 480 29
187 832 480 30
188 832 480 28
189 832 480 30
190 832 480 29
191 832 480 30
192 832 480 28
193 832 480 30
194 832 480 29
195 832 480 30
196 832 480 28
197 832 480 30
198 832 480 29
199 832 480 30
200 832 480 28
201 832 480 30
202 832 480 29
203 832 480 30
204 832 480 28
205 832 480 30
206 832 480 29
207 832 480 30
208 832 480 28
209 832 480 30
210 832 480 29
211 832 480 30
212 832 480 28
213 832 480 30
214 832 480 29
215 832 480 30
216 832 480 28
217 832 480 30
218 832 480 29
219 832 480 30
220 832 480 28
221 832 480 30
222 832 480 29
223 832 480 30
224 832 480 28
225 832 480 30
226 832 480 29
227 832 480 30
228 832 480 28
229 832 480 30
230 832 480 29
231 832 480 30
232 832 480 28
233 832 480 30
234 832 480 29
235 832 480 30
236 832 480 28
237 832 480 30
238 832 480 29
239 832 480 30
240 832 480 28
241 832 480 30
242 832 480 29
243 832 480 30
244 832 480 28
245 832 480 30
246 832 480 29
247 832 480 30
248 832 480 28
249 832 480 30
250 832 480 29
251 832 480 30
252 832 480 28
253 832 480 30
254 832 480 29
255 832 480 30
256 832 480 28
257 832 480 30
258 832 480 29
259 832 480 30
260 832 480 28
261 832 480 30
262 832 480 29
263 832 480 30
264 832 480 28
265 832 480 30
266 832 480 29
267 832 480 30
268 832 480 28
269 832 480 30
270 832 480 29
271 832 480 30
272 832 480 28
273 832 480 30
274 832 480 29
275 832 480 30
276 832 480 28
277 832 480 30
278 832 480 29
279 832 480 30
280 832 480 28
281 832 480 30
282 832 480 29
283 832 480 30
284 832 480 28
285 832 480 30
286 832 480 29
287 832 480 30
288 832 480 28
289 832 480 30
290 832 480 29
291 832 480 30
292 832 480 28
293 832 480 30
294 832 480 29
295 832 480 30
296 832 480 28
297 832 480 30
298 832 480 29
299 832 480 30
