0 1920 1080 27  ../YUVs/snow_mnt_1080p.yuv
1 1920 1080 30
2 1920 1080 29
3 1920 1080 30
4 1920 1080 28
5 1920 1080 30
6 1920 1080 29
7 1920 1080 30
8 1920 1080 28
9 1920 1080 30
10 1920 1080 29
11 1920 1080 30
12 1920 1080 28
13 1920 1080 30
14 1920 1080 29
15 1920 1080 30
16 1920 1080 28
17 1920 1080 30
18 1920 1080 29
19 1920 1080 30
20 1920 1080 28
21 1920 1080 30
22 1920 1080 29
23 1920 1080 30
24 1920 1080 28
25 1920 1080 30
26 1920 1080 29
27 1920 1080 30
28 1920 1080 28
29 1920 1080 30
30 1920 1080 29
31 1920 1080 30
32 1920 1080 28
33 1920 1080 30
34 1920 1080 29
35 1920 1080 30
36 1920 1080 28
37 1920 1080 30
38 1920 1080 29
39 1920 1080 30
40 1920 1080 28
41 1920 1080 30
42 1920 1080 29
43 1920 1080 30
44 1920 1080 28
45 1920 1080 30
46 1920 1080 29
47 1920 1080 30
48 1920 1080 28
49 1920 1080 30
50 1920 1080 29
51 1920 1080 30
52 1920 1080 28
53 1920 1080 30
54 1920 1080 29
55 1920 1080 30
56 1920 1080 28
57 1920 1080 30
58 1920 1080 29
59 1920 1080 30
60 1920 1080 28
61 1920 1080 30
62 1920 1080 29
63 1920 1080 30
64 1920 1080 28
65 1920 1080 30
66 1920 1080 29
67 1920 1080 30
68 1920 1080 28
69 1920 1080 30
70 1920 1080 29
71 1920 1080 30
72 1920 1080 28
73 1920 1080 30
74 1920 1080 29
75 1920 1080 30
76 1920 1080 28
77 1920 1080 30
78 1920 1080 29
79 1920 1080 30
80 1920 1080 28
81 1920 1080 30
82 1920 1080 29
83 1920 1080 30
84 1920 1080 28
85 1920 1080 30
86 1920 1080 29
87 1920 1080 30
88 1920 1080 28
89 1920 1080 30
90 1920 1080 29
91 1920 1080 30
92 1920 1080 28
93 1920 1080 30
94 1920 1080 29
95 1920 1080 30
96 1920 1080 28
97 1920 1080 30
98 1920 1080 29
99 1920 1080 30
100 1920 1080 28
101 1920 1080 30
102 1920 1080 29
103 1920 1080 30
104 1920 1080 28
105 1920 1080 30
106 1920 1080 29
107 1920 1080 30
108 1920 1080 28
109 1920 1080 30
110 1920 1080 29
111 1920 1080 30
112 1920 1080 28
113 1920 1080 30
114 1920 1080 29
115 1920 1080 30
116 1920 1080 28
117 1920 1080 30
118 1920 1080 29
119 1920 1080 30
120 1920 1080 28
121 1920 1080 30
122 1920 1080 29
123 1920 1080 30
124 1920 1080 28
125 1920 1080 30
126 1920 1080 29
127 1920 1080 30
128 1920 1080 28
129 1920 1080 30
130 1920 1080 29
131 1920 1080 30
132 1920 1080 28
133 1920 1080 30
134 1920 1080 29
135 1920 1080 30
136 1920 1080 28
137 1920 1080 30
138 1920 1080 29
139 1920 1080 30
140 1920 1080 28
141 1920 1080 30
142 1920 1080 29
143 1920 1080 30
144 1920 1080 28
145 1920 1080 30
146 1920 1080 29
147 1920 1080 30
148 1920 1080 28
149 1920 1080 30
150 1920 1080 29
151 1920 1080 30
152 1920 1080 28
153 1920 1080 30
154 1920 1080 29
155 1920 1080 30
156 1920 1080 28
157 1920 1080 30
158 1920 1080 29
159 1920 1080 30
160 1920 1080 28
161 1920 1080 30
162 1920 1080 29
163 1920 1080 30
164 1920 1080 28
165 1920 1080 30
166 1920 1080 29
167 1920 1080 30
168 1920 1080 28
169 1920 1080 30
170 1920 1080 29
171 1920 1080 30
172 1920 1080 28
173 1920 1080 30
174 1920 1080 29
175 1920 1080 30
176 1920 1080 28
177 1920 1080 30
178 1920 1080 29
179 1920 1080 30
180 1920 1080 28
181 1920 1080 30
182 1920 1080 29
183 1920 1080 30
184 1920 1080 28
185 1920 1080 30
186 1920 1080 29
187 1920 1080 30
188 1920 1080 28
189 1920 1080 30
190 1920 1080 29
191 1920 1080 30
192 1920 1080 28
193 1920 1080 30
194 1920 1080 29
195 1920 1080 30
196 1920 1080 28
197 1920 1080 30
198 1920 1080 29
199 1920 1080 30
200 1920 1080 28
201 1920 1080 30
202 1920 1080 29
203 1920 1080 30
204 1920 1080 28
205 1920 1080 30
206 1920 1080 29
207 1920 1080 30
208 1920 1080 28
209 1920 1080 30
210 1920 1080 29
211 1920 1080 30
212 1920 1080 28
213 1920 1080 30
214 1920 1080 29
215 1920 1080 30
216 1920 1080 28
217 1920 1080 30
218 1920 1080 29
219 1920 1080 30
220 1920 1080 28
221 1920 1080 30
222 1920 1080 29
223 1920 1080 30
224 1920 1080 28
225 1920 1080 30
226 1920 1080 29
227 1920 1080 30
228 1920 1080 28
229 1920 1080 30
230 1920 1080 29
231 1920 1080 30
232 1920 1080 28
233 1920 1080 30
234 1920 1080 29
235 1920 1080 30
236 1920 1080 28
237 1920 1080 30
238 1920 1080 29
239 1920 1080 30
240 1920 1080 28
241 1920 1080 30
242 1920 1080 29
243 1920 1080 30
244 1920 1080 28
245 1920 1080 30
246 1920 1080 29
247 1920 1080 30
248 1920 1080 28
249 1920 1080 30
250 1920 1080 29
251 1920 1080 30
252 1920 1080 28
253 1920 1080 30
254 1920 1080 29
255 1920 1080 30
256 1920 1080 28
257 1920 1080 30
258 1920 1080 29
259 1920 1080 30
260 1920 1080 28
261 1920 1080 30
262 1920 1080 29
263 1920 1080 30
264 1920 1080 28
265 1920 1080 30
266 1920 1080 29
267 1920 1080 30
268 1920 1080 28
269 1920 1080 30
270 1920 1080 29
271 1920 1080 30
272 1920 1080 28
273 1920 1080 30
274 1920 1080 29
275 1920 1080 30
276 1920 1080 28
277 1920 1080 30
278 1920 1080 29
279 1920 1080 30
280 1920 1080 28
281 1920 1080 30
282 1920 1080 29
283 1920 1080 30
284 1920 1080 28
285 1920 1080 30
286 1920 1080 29
287 1920 1080 30
288 1920 1080 28
289 1920 1080 30
290 1920 1080 29
291 1920 1080 30
292 1920 1080 28
293 1920 1080 30
294 1920 1080 29
295 1920 1080 30
296 1920 1080 28
297 1920 1080 30
298 1920 1080 29
299 1920 1080 30
