0 1920 1080 32  ../YUVs/female150.yuv
1 1920 1080 35
2 1920 1080 34
3 1920 1080 35
4 1920 1080 33
5 1920 1080 35
6 1920 1080 34
7 1920 1080 35
8 1920 1080 33
9 1920 1080 35
10 1920 1080 34
11 1920 1080 35
12 1920 1080 33
13 1920 1080 35
14 1920 1080 34
15 1920 1080 35
16 1920 1080 33
17 1920 1080 35
18 1920 1080 34
19 1920 1080 35
20 1920 1080 33
21 1920 1080 35
22 1920 1080 34
23 1920 1080 35
24 1920 1080 33
25 1920 1080 35
26 1920 1080 34
27 1920 1080 35
28 1920 1080 33
29 1920 1080 35
30 1920 1080 34
31 1920 1080 35
32 1920 1080 33
33 1920 1080 35
34 1920 1080 34
35 1920 1080 35
36 1920 1080 33
37 1920 1080 35
38 1920 1080 34
39 1920 1080 35
40 1920 1080 33
41 1920 1080 35
42 1920 1080 34
43 1920 1080 35
44 1920 1080 33
45 1920 1080 35
46 1920 1080 34
47 1920 1080 35
48 1920 1080 33
49 1920 1080 35
50 1920 1080 34
51 1920 1080 35
52 1920 1080 33
53 1920 1080 35
54 1920 1080 34
55 1920 1080 35
56 1920 1080 33
57 1920 1080 35
58 1920 1080 34
59 1920 1080 35
60 1920 1080 33
61 1920 1080 35
62 1920 1080 34
63 1920 1080 35
64 1920 1080 33
65 1920 1080 35
66 1920 1080 34
67 1920 1080 35
68 1920 1080 33
69 1920 1080 35
70 1920 1080 34
71 1920 1080 35
72 1920 1080 33
73 1920 1080 35
74 1920 1080 34
75 1920 1080 35
76 1920 1080 33
77 1920 1080 35
78 1920 1080 34
79 1920 1080 35
80 1920 1080 33
81 1920 1080 35
82 1920 1080 34
83 1920 1080 35
84 1920 1080 33
85 1920 1080 35
86 1920 1080 34
87 1920 1080 35
88 1920 1080 33
89 1920 1080 35
90 1920 1080 34
91 1920 1080 35
92 1920 1080 33
93 1920 1080 35
94 1920 1080 34
95 1920 1080 35
96 1920 1080 33
97 1920 1080 35
98 1920 1080 34
99 1920 1080 35
100 1920 1080 33
101 1920 1080 35
102 1920 1080 34
103 1920 1080 35
104 1920 1080 33
105 1920 1080 35
106 1920 1080 34
107 1920 1080 35
108 1920 1080 33
109 1920 1080 35
110 1920 1080 34
111 1920 1080 35
112 1920 1080 33
113 1920 1080 35
114 1920 1080 34
115 1920 1080 35
116 1920 1080 33
117 1920 1080 35
118 1920 1080 34
119 1920 1080 35
120 1920 1080 33
121 1920 1080 35
122 1920 1080 34
123 1920 1080 35
124 1920 1080 33
125 1920 1080 35
126 1920 1080 34
127 1920 1080 35
128 1920 1080 33
129 1920 1080 35
130 1920 1080 34
131 1920 1080 35
132 1920 1080 33
133 1920 1080 35
134 1920 1080 34
135 1920 1080 35
136 1920 1080 33
137 1920 1080 35
138 1920 1080 34
139 1920 1080 35
140 1920 1080 33
141 1920 1080 35
142 1920 1080 34
143 1920 1080 35
144 1920 1080 33
145 1920 1080 35
146 1920 1080 34
147 1920 1080 35
148 1920 1080 33
149 1920 1080 35
