0 2048 1080 22  ../YUVs/Netflix_Dancers_2048x1080_60fps_420.yuv
1 2048 1080 25
2 2048 1080 24
3 2048 1080 25
4 2048 1080 23
5 2048 1080 25
6 2048 1080 24
7 2048 1080 25
8 2048 1080 23
9 2048 1080 25
10 2048 1080 24
11 2048 1080 25
12 2048 1080 23
13 2048 1080 25
14 2048 1080 24
15 2048 1080 25
16 2048 1080 23
17 2048 1080 25
18 2048 1080 24
19 2048 1080 25
20 2048 1080 23
21 2048 1080 25
22 2048 1080 24
23 2048 1080 25
24 2048 1080 23
25 2048 1080 25
26 2048 1080 24
27 2048 1080 25
28 2048 1080 23
29 2048 1080 25
30 2048 1080 24
31 2048 1080 25
32 2048 1080 23
33 2048 1080 25
34 2048 1080 24
35 2048 1080 25
36 2048 1080 23
37 2048 1080 25
38 2048 1080 24
39 2048 1080 25
40 2048 1080 23
41 2048 1080 25
42 2048 1080 24
43 2048 1080 25
44 2048 1080 23
45 2048 1080 25
46 2048 1080 24
47 2048 1080 25
48 2048 1080 23
49 2048 1080 25
50 2048 1080 24
51 2048 1080 25
52 2048 1080 23
53 2048 1080 25
54 2048 1080 24
55 2048 1080 25
56 2048 1080 23
57 2048 1080 25
58 2048 1080 24
59 2048 1080 25
60 2048 1080 23
61 2048 1080 25
62 2048 1080 24
63 2048 1080 25
64 2048 1080 23
65 2048 1080 25
66 2048 1080 24
67 2048 1080 25
68 2048 1080 23
69 2048 1080 25
70 2048 1080 24
71 2048 1080 25
72 2048 1080 23
73 2048 1080 25
74 2048 1080 24
75 2048 1080 25
76 2048 1080 23
77 2048 1080 25
78 2048 1080 24
79 2048 1080 25
80 2048 1080 23
81 2048 1080 25
82 2048 1080 24
83 2048 1080 25
84 2048 1080 23
85 2048 1080 25
86 2048 1080 24
87 2048 1080 25
88 2048 1080 23
89 2048 1080 25
90 2048 1080 24
91 2048 1080 25
92 2048 1080 23
93 2048 1080 25
94 2048 1080 24
95 2048 1080 25
96 2048 1080 23
97 2048 1080 25
98 2048 1080 24
99 2048 1080 25
100 2048 1080 23
101 2048 1080 25
102 2048 1080 24
103 2048 1080 25
104 2048 1080 23
105 2048 1080 25
106 2048 1080 24
107 2048 1080 25
108 2048 1080 23
109 2048 1080 25
110 2048 1080 24
111 2048 1080 25
112 2048 1080 23
113 2048 1080 25
114 2048 1080 24
115 2048 1080 25
116 2048 1080 23
117 2048 1080 25
118 2048 1080 24
119 2048 1080 25
120 2048 1080 23
121 2048 1080 25
122 2048 1080 24
123 2048 1080 25
124 2048 1080 23
125 2048 1080 25
126 2048 1080 24
127 2048 1080 25
128 2048 1080 23
129 2048 1080 25
130 2048 1080 24
131 2048 1080 25
132 2048 1080 23
133 2048 1080 25
134 2048 1080 24
135 2048 1080 25
136 2048 1080 23
137 2048 1080 25
138 2048 1080 24
139 2048 1080 25
140 2048 1080 23
141 2048 1080 25
142 2048 1080 24
143 2048 1080 25
144 2048 1080 23
145 2048 1080 25
146 2048 1080 24
147 2048 1080 25
148 2048 1080 23
149 2048 1080 25
150 2048 1080 24
151 2048 1080 25
152 2048 1080 23
153 2048 1080 25
154 2048 1080 24
155 2048 1080 25
156 2048 1080 23
157 2048 1080 25
158 2048 1080 24
159 2048 1080 25
160 2048 1080 23
161 2048 1080 25
162 2048 1080 24
163 2048 1080 25
164 2048 1080 23
165 2048 1080 25
166 2048 1080 24
167 2048 1080 25
168 2048 1080 23
169 2048 1080 25
170 2048 1080 24
171 2048 1080 25
172 2048 1080 23
173 2048 1080 25
174 2048 1080 24
175 2048 1080 25
176 2048 1080 23
177 2048 1080 25
178 2048 1080 24
179 2048 1080 25
180 2048 1080 23
181 2048 1080 25
182 2048 1080 24
183 2048 1080 25
184 2048 1080 23
185 2048 1080 25
186 2048 1080 24
187 2048 1080 25
188 2048 1080 23
189 2048 1080 25
190 2048 1080 24
191 2048 1080 25
192 2048 1080 23
193 2048 1080 25
194 2048 1080 24
195 2048 1080 25
196 2048 1080 23
197 2048 1080 25
198 2048 1080 24
199 2048 1080 25
200 2048 1080 23
201 2048 1080 25
202 2048 1080 24
203 2048 1080 25
204 2048 1080 23
205 2048 1080 25
206 2048 1080 24
207 2048 1080 25
208 2048 1080 23
209 2048 1080 25
210 2048 1080 24
211 2048 1080 25
212 2048 1080 23
213 2048 1080 25
214 2048 1080 24
215 2048 1080 25
216 2048 1080 23
217 2048 1080 25
218 2048 1080 24
219 2048 1080 25
220 2048 1080 23
221 2048 1080 25
222 2048 1080 24
223 2048 1080 25
224 2048 1080 23
225 2048 1080 25
226 2048 1080 24
227 2048 1080 25
228 2048 1080 23
229 2048 1080 25
230 2048 1080 24
231 2048 1080 25
232 2048 1080 23
233 2048 1080 25
234 2048 1080 24
235 2048 1080 25
236 2048 1080 23
237 2048 1080 25
238 2048 1080 24
239 2048 1080 25
240 2048 1080 23
241 2048 1080 25
242 2048 1080 24
243 2048 1080 25
244 2048 1080 23
245 2048 1080 25
246 2048 1080 24
247 2048 1080 25
248 2048 1080 23
249 2048 1080 25
250 2048 1080 24
251 2048 1080 25
252 2048 1080 23
253 2048 1080 25
254 2048 1080 24
255 2048 1080 25
256 2048 1080 23
257 2048 1080 25
258 2048 1080 24
259 2048 1080 25
260 2048 1080 23
261 2048 1080 25
262 2048 1080 24
263 2048 1080 25
264 2048 1080 23
265 2048 1080 25
266 2048 1080 24
267 2048 1080 25
268 2048 1080 23
269 2048 1080 25
270 2048 1080 24
271 2048 1080 25
272 2048 1080 23
273 2048 1080 25
274 2048 1080 24
275 2048 1080 25
276 2048 1080 23
277 2048 1080 25
278 2048 1080 24
279 2048 1080 25
280 2048 1080 23
281 2048 1080 25
282 2048 1080 24
283 2048 1080 25
284 2048 1080 23
285 2048 1080 25
286 2048 1080 24
287 2048 1080 25
288 2048 1080 23
289 2048 1080 25
290 2048 1080 24
291 2048 1080 25
292 2048 1080 23
293 2048 1080 25
294 2048 1080 24
295 2048 1080 25
296 2048 1080 23
297 2048 1080 25
298 2048 1080 24
299 2048 1080 25
300 2048 1080 23
301 2048 1080 25
302 2048 1080 24
303 2048 1080 25
304 2048 1080 23
305 2048 1080 25
306 2048 1080 24
307 2048 1080 25
308 2048 1080 23
309 2048 1080 25
310 2048 1080 24
311 2048 1080 25
312 2048 1080 23
313 2048 1080 25
314 2048 1080 24
315 2048 1080 25
316 2048 1080 23
317 2048 1080 25
318 2048 1080 24
319 2048 1080 25
320 2048 1080 23
321 2048 1080 25
322 2048 1080 24
323 2048 1080 25
324 2048 1080 23
325 2048 1080 25
326 2048 1080 24
327 2048 1080 25
328 2048 1080 23
329 2048 1080 25
330 2048 1080 24
331 2048 1080 25
332 2048 1080 23
333 2048 1080 25
334 2048 1080 24
335 2048 1080 25
336 2048 1080 23
337 2048 1080 25
338 2048 1080 24
339 2048 1080 25
340 2048 1080 23
341 2048 1080 25
342 2048 1080 24
343 2048 1080 25
344 2048 1080 23
345 2048 1080 25
346 2048 1080 24
347 2048 1080 25
348 2048 1080 23
349 2048 1080 25
350 2048 1080 24
351 2048 1080 25
352 2048 1080 23
353 2048 1080 25
354 2048 1080 24
355 2048 1080 25
356 2048 1080 23
357 2048 1080 25
358 2048 1080 24
359 2048 1080 25
360 2048 1080 23
361 2048 1080 25
362 2048 1080 24
363 2048 1080 25
364 2048 1080 23
365 2048 1080 25
366 2048 1080 24
367 2048 1080 25
368 2048 1080 23
369 2048 1080 25
370 2048 1080 24
371 2048 1080 25
372 2048 1080 23
373 2048 1080 25
374 2048 1080 24
375 2048 1080 25
376 2048 1080 23
377 2048 1080 25
378 2048 1080 24
379 2048 1080 25
380 2048 1080 23
381 2048 1080 25
382 2048 1080 24
383 2048 1080 25
384 2048 1080 23
385 2048 1080 25
386 2048 1080 24
387 2048 1080 25
388 2048 1080 23
389 2048 1080 25
390 2048 1080 24
391 2048 1080 25
392 2048 1080 23
393 2048 1080 25
394 2048 1080 24
395 2048 1080 25
396 2048 1080 23
397 2048 1080 25
398 2048 1080 24
399 2048 1080 25
400 2048 1080 23
401 2048 1080 25
402 2048 1080 24
403 2048 1080 25
404 2048 1080 23
405 2048 1080 25
406 2048 1080 24
407 2048 1080 25
408 2048 1080 23
409 2048 1080 25
410 2048 1080 24
411 2048 1080 25
412 2048 1080 23
413 2048 1080 25
414 2048 1080 24
415 2048 1080 25
416 2048 1080 23
417 2048 1080 25
418 2048 1080 24
419 2048 1080 25
420 2048 1080 23
421 2048 1080 25
422 2048 1080 24
423 2048 1080 25
424 2048 1080 23
425 2048 1080 25
426 2048 1080 24
427 2048 1080 25
428 2048 1080 23
429 2048 1080 25
430 2048 1080 24
431 2048 1080 25
432 2048 1080 23
433 2048 1080 25
434 2048 1080 24
435 2048 1080 25
436 2048 1080 23
437 2048 1080 25
438 2048 1080 24
439 2048 1080 25
440 2048 1080 23
441 2048 1080 25
442 2048 1080 24
443 2048 1080 25
444 2048 1080 23
445 2048 1080 25
446 2048 1080 24
447 2048 1080 25
448 2048 1080 23
449 2048 1080 25
450 2048 1080 24
451 2048 1080 25
452 2048 1080 23
453 2048 1080 25
454 2048 1080 24
455 2048 1080 25
456 2048 1080 23
457 2048 1080 25
458 2048 1080 24
459 2048 1080 25
460 2048 1080 23
461 2048 1080 25
462 2048 1080 24
463 2048 1080 25
464 2048 1080 23
465 2048 1080 25
466 2048 1080 24
467 2048 1080 25
468 2048 1080 23
469 2048 1080 25
470 2048 1080 24
471 2048 1080 25
472 2048 1080 23
473 2048 1080 25
474 2048 1080 24
475 2048 1080 25
476 2048 1080 23
477 2048 1080 25
478 2048 1080 24
479 2048 1080 25
480 2048 1080 23
481 2048 1080 25
482 2048 1080 24
483 2048 1080 25
484 2048 1080 23
485 2048 1080 25
486 2048 1080 24
487 2048 1080 25
488 2048 1080 23
489 2048 1080 25
490 2048 1080 24
491 2048 1080 25
492 2048 1080 23
493 2048 1080 25
494 2048 1080 24
495 2048 1080 25
496 2048 1080 23
497 2048 1080 25
498 2048 1080 24
499 2048 1080 25
500 2048 1080 23
501 2048 1080 25
502 2048 1080 24
503 2048 1080 25
504 2048 1080 23
505 2048 1080 25
506 2048 1080 24
507 2048 1080 25
508 2048 1080 23
509 2048 1080 25
510 2048 1080 24
511 2048 1080 25
512 2048 1080 23
513 2048 1080 25
514 2048 1080 24
515 2048 1080 25
516 2048 1080 23
517 2048 1080 25
518 2048 1080 24
519 2048 1080 25
520 2048 1080 23
521 2048 1080 25
522 2048 1080 24
523 2048 1080 25
524 2048 1080 23
525 2048 1080 25
526 2048 1080 24
527 2048 1080 25
528 2048 1080 23
529 2048 1080 25
530 2048 1080 24
531 2048 1080 25
532 2048 1080 23
533 2048 1080 25
534 2048 1080 24
535 2048 1080 25
536 2048 1080 23
537 2048 1080 25
538 2048 1080 24
539 2048 1080 25
540 2048 1080 23
541 2048 1080 25
542 2048 1080 24
543 2048 1080 25
544 2048 1080 23
545 2048 1080 25
546 2048 1080 24
547 2048 1080 25
548 2048 1080 23
549 2048 1080 25
550 2048 1080 24
551 2048 1080 25
552 2048 1080 23
553 2048 1080 25
554 2048 1080 24
555 2048 1080 25
556 2048 1080 23
557 2048 1080 25
558 2048 1080 24
559 2048 1080 25
560 2048 1080 23
561 2048 1080 25
562 2048 1080 24
563 2048 1080 25
564 2048 1080 23
565 2048 1080 25
566 2048 1080 24
567 2048 1080 25
568 2048 1080 23
569 2048 1080 25
570 2048 1080 24
571 2048 1080 25
572 2048 1080 23
573 2048 1080 25
574 2048 1080 24
575 2048 1080 25
576 2048 1080 23
577 2048 1080 25
578 2048 1080 24
579 2048 1080 25
580 2048 1080 23
581 2048 1080 25
582 2048 1080 24
583 2048 1080 25
584 2048 1080 23
585 2048 1080 25
586 2048 1080 24
587 2048 1080 25
588 2048 1080 23
589 2048 1080 25
590 2048 1080 24
591 2048 1080 25
592 2048 1080 23
593 2048 1080 25
594 2048 1080 24
595 2048 1080 25
596 2048 1080 23
597 2048 1080 25
598 2048 1080 24
599 2048 1080 25
