0 832 480 32  ../YUVs/RaceHorses_832x480_30.yuv
1 832 480 35
2 832 480 34
3 832 480 35
4 832 480 33
5 832 480 35
6 832 480 34
7 832 480 35
8 832 480 33
9 832 480 35
10 832 480 34
11 832 480 35
12 832 480 33
13 832 480 35
14 832 480 34
15 832 480 35
16 832 480 33
17 832 480 35
18 832 480 34
19 832 480 35
20 832 480 33
21 832 480 35
22 832 480 34
23 832 480 35
24 832 480 33
25 832 480 35
26 832 480 34
27 832 480 35
28 832 480 33
29 832 480 35
30 832 480 34
31 832 480 35
32 832 480 33
33 832 480 35
34 832 480 34
35 832 480 35
36 832 480 33
37 832 480 35
38 832 480 34
39 832 480 35
40 832 480 33
41 832 480 35
42 832 480 34
43 832 480 35
44 832 480 33
45 832 480 35
46 832 480 34
47 832 480 35
48 832 480 33
49 832 480 35
50 832 480 34
51 832 480 35
52 832 480 33
53 832 480 35
54 832 480 34
55 832 480 35
56 832 480 33
57 832 480 35
58 832 480 34
59 832 480 35
60 832 480 33
61 832 480 35
62 832 480 34
63 832 480 35
64 832 480 33
65 832 480 35
66 832 480 34
67 832 480 35
68 832 480 33
69 832 480 35
70 832 480 34
71 832 480 35
72 832 480 33
73 832 480 35
74 832 480 34
75 832 480 35
76 832 480 33
77 832 480 35
78 832 480 34
79 832 480 35
80 832 480 33
81 832 480 35
82 832 480 34
83 832 480 35
84 832 480 33
85 832 480 35
86 832 480 34
87 832 480 35
88 832 480 33
89 832 480 35
90 832 480 34
91 832 480 35
92 832 480 33
93 832 480 35
94 832 480 34
95 832 480 35
96 832 480 33
97 832 480 35
98 832 480 34
99 832 480 35
100 832 480 33
101 832 480 35
102 832 480 34
103 832 480 35
104 832 480 33
105 832 480 35
106 832 480 34
107 832 480 35
108 832 480 33
109 832 480 35
110 832 480 34
111 832 480 35
112 832 480 33
113 832 480 35
114 832 480 34
115 832 480 35
116 832 480 33
117 832 480 35
118 832 480 34
119 832 480 35
120 832 480 33
121 832 480 35
122 832 480 34
123 832 480 35
124 832 480 33
125 832 480 35
126 832 480 34
127 832 480 35
128 832 480 33
129 832 480 35
130 832 480 34
131 832 480 35
132 832 480 33
133 832 480 35
134 832 480 34
135 832 480 35
136 832 480 33
137 832 480 35
138 832 480 34
139 832 480 35
140 832 480 33
141 832 480 35
142 832 480 34
143 832 480 35
144 832 480 33
145 832 480 35
146 832 480 34
147 832 480 35
148 832 480 33
149 832 480 35
150 832 480 34
151 832 480 35
152 832 480 33
153 832 480 35
154 832 480 34
155 832 480 35
156 832 480 33
157 832 480 35
158 832 480 34
159 832 480 35
160 832 480 33
161 832 480 35
162 832 480 34
163 832 480 35
164 832 480 33
165 832 480 35
166 832 480 34
167 832 480 35
168 832 480 33
169 832 480 35
170 832 480 34
171 832 480 35
172 832 480 33
173 832 480 35
174 832 480 34
175 832 480 35
176 832 480 33
177 832 480 35
178 832 480 34
179 832 480 35
180 832 480 33
181 832 480 35
182 832 480 34
183 832 480 35
184 832 480 33
185 832 480 35
186 832 480 34
187 832 480 35
188 832 480 33
189 832 480 35
190 832 480 34
191 832 480 35
192 832 480 33
193 832 480 35
194 832 480 34
195 832 480 35
196 832 480 33
197 832 480 35
198 832 480 34
199 832 480 35
200 832 480 33
201 832 480 35
202 832 480 34
203 832 480 35
204 832 480 33
205 832 480 35
206 832 480 34
207 832 480 35
208 832 480 33
209 832 480 35
210 832 480 34
211 832 480 35
212 832 480 33
213 832 480 35
214 832 480 34
215 832 480 35
216 832 480 33
217 832 480 35
218 832 480 34
219 832 480 35
220 832 480 33
221 832 480 35
222 832 480 34
223 832 480 35
224 832 480 33
225 832 480 35
226 832 480 34
227 832 480 35
228 832 480 33
229 832 480 35
230 832 480 34
231 832 480 35
232 832 480 33
233 832 480 35
234 832 480 34
235 832 480 35
236 832 480 33
237 832 480 35
238 832 480 34
239 832 480 35
240 832 480 33
241 832 480 35
242 832 480 34
243 832 480 35
244 832 480 33
245 832 480 35
246 832 480 34
247 832 480 35
248 832 480 33
249 832 480 35
250 832 480 34
251 832 480 35
252 832 480 33
253 832 480 35
254 832 480 34
255 832 480 35
256 832 480 33
257 832 480 35
258 832 480 34
259 832 480 35
260 832 480 33
261 832 480 35
262 832 480 34
263 832 480 35
264 832 480 33
265 832 480 35
266 832 480 34
267 832 480 35
268 832 480 33
269 832 480 35
270 832 480 34
271 832 480 35
272 832 480 33
273 832 480 35
274 832 480 34
275 832 480 35
276 832 480 33
277 832 480 35
278 832 480 34
279 832 480 35
280 832 480 33
281 832 480 35
282 832 480 34
283 832 480 35
284 832 480 33
285 832 480 35
286 832 480 34
287 832 480 35
288 832 480 33
289 832 480 35
290 832 480 34
291 832 480 35
292 832 480 33
293 832 480 35
294 832 480 34
295 832 480 35
296 832 480 33
297 832 480 35
298 832 480 34
299 832 480 35
