0 832 480 37  ../YUVs/RaceHorses_832x480_30.yuv
1 832 480 40
2 832 480 39
3 832 480 40
4 832 480 38
5 832 480 40
6 832 480 39
7 832 480 40
8 832 480 38
9 832 480 40
10 832 480 39
11 832 480 40
12 832 480 38
13 832 480 40
14 832 480 39
15 832 480 40
16 832 480 38
17 832 480 40
18 832 480 39
19 832 480 40
20 832 480 38
21 832 480 40
22 832 480 39
23 832 480 40
24 832 480 38
25 832 480 40
26 832 480 39
27 832 480 40
28 832 480 38
29 832 480 40
30 832 480 39
31 832 480 40
32 832 480 38
33 832 480 40
34 832 480 39
35 832 480 40
36 832 480 38
37 832 480 40
38 832 480 39
39 832 480 40
40 832 480 38
41 832 480 40
42 832 480 39
43 832 480 40
44 832 480 38
45 832 480 40
46 832 480 39
47 832 480 40
48 832 480 38
49 832 480 40
50 832 480 39
51 832 480 40
52 832 480 38
53 832 480 40
54 832 480 39
55 832 480 40
56 832 480 38
57 832 480 40
58 832 480 39
59 832 480 40
60 832 480 38
61 832 480 40
62 832 480 39
63 832 480 40
64 832 480 38
65 832 480 40
66 832 480 39
67 832 480 40
68 832 480 38
69 832 480 40
70 832 480 39
71 832 480 40
72 832 480 38
73 832 480 40
74 832 480 39
75 832 480 40
76 832 480 38
77 832 480 40
78 832 480 39
79 832 480 40
80 832 480 38
81 832 480 40
82 832 480 39
83 832 480 40
84 832 480 38
85 832 480 40
86 832 480 39
87 832 480 40
88 832 480 38
89 832 480 40
90 832 480 39
91 832 480 40
92 832 480 38
93 832 480 40
94 832 480 39
95 832 480 40
96 832 480 38
97 832 480 40
98 832 480 39
99 832 480 40
100 832 480 38
101 832 480 40
102 832 480 39
103 832 480 40
104 832 480 38
105 832 480 40
106 832 480 39
107 832 480 40
108 832 480 38
109 832 480 40
110 832 480 39
111 832 480 40
112 832 480 38
113 832 480 40
114 832 480 39
115 832 480 40
116 832 480 38
117 832 480 40
118 832 480 39
119 832 480 40
120 832 480 38
121 832 480 40
122 832 480 39
123 832 480 40
124 832 480 38
125 832 480 40
126 832 480 39
127 832 480 40
128 832 480 38
129 832 480 40
130 832 480 39
131 832 480 40
132 832 480 38
133 832 480 40
134 832 480 39
135 832 480 40
136 832 480 38
137 832 480 40
138 832 480 39
139 832 480 40
140 832 480 38
141 832 480 40
142 832 480 39
143 832 480 40
144 832 480 38
145 832 480 40
146 832 480 39
147 832 480 40
148 832 480 38
149 832 480 40
150 832 480 39
151 832 480 40
152 832 480 38
153 832 480 40
154 832 480 39
155 832 480 40
156 832 480 38
157 832 480 40
158 832 480 39
159 832 480 40
160 832 480 38
161 832 480 40
162 832 480 39
163 832 480 40
164 832 480 38
165 832 480 40
166 832 480 39
167 832 480 40
168 832 480 38
169 832 480 40
170 832 480 39
171 832 480 40
172 832 480 38
173 832 480 40
174 832 480 39
175 832 480 40
176 832 480 38
177 832 480 40
178 832 480 39
179 832 480 40
180 832 480 38
181 832 480 40
182 832 480 39
183 832 480 40
184 832 480 38
185 832 480 40
186 832 480 39
187 832 480 40
188 832 480 38
189 832 480 40
190 832 480 39
191 832 480 40
192 832 480 38
193 832 480 40
194 832 480 39
195 832 480 40
196 832 480 38
197 832 480 40
198 832 480 39
199 832 480 40
200 832 480 38
201 832 480 40
202 832 480 39
203 832 480 40
204 832 480 38
205 832 480 40
206 832 480 39
207 832 480 40
208 832 480 38
209 832 480 40
210 832 480 39
211 832 480 40
212 832 480 38
213 832 480 40
214 832 480 39
215 832 480 40
216 832 480 38
217 832 480 40
218 832 480 39
219 832 480 40
220 832 480 38
221 832 480 40
222 832 480 39
223 832 480 40
224 832 480 38
225 832 480 40
226 832 480 39
227 832 480 40
228 832 480 38
229 832 480 40
230 832 480 39
231 832 480 40
232 832 480 38
233 832 480 40
234 832 480 39
235 832 480 40
236 832 480 38
237 832 480 40
238 832 480 39
239 832 480 40
240 832 480 38
241 832 480 40
242 832 480 39
243 832 480 40
244 832 480 38
245 832 480 40
246 832 480 39
247 832 480 40
248 832 480 38
249 832 480 40
250 832 480 39
251 832 480 40
252 832 480 38
253 832 480 40
254 832 480 39
255 832 480 40
256 832 480 38
257 832 480 40
258 832 480 39
259 832 480 40
260 832 480 38
261 832 480 40
262 832 480 39
263 832 480 40
264 832 480 38
265 832 480 40
266 832 480 39
267 832 480 40
268 832 480 38
269 832 480 40
270 832 480 39
271 832 480 40
272 832 480 38
273 832 480 40
274 832 480 39
275 832 480 40
276 832 480 38
277 832 480 40
278 832 480 39
279 832 480 40
280 832 480 38
281 832 480 40
282 832 480 39
283 832 480 40
284 832 480 38
285 832 480 40
286 832 480 39
287 832 480 40
288 832 480 38
289 832 480 40
290 832 480 39
291 832 480 40
292 832 480 38
293 832 480 40
294 832 480 39
295 832 480 40
296 832 480 38
297 832 480 40
298 832 480 39
299 832 480 40
