0 2048 1080 37  ../YUVs/Netflix_DrivingPOV_2048x1080_60fps_420.yuv
1 2048 1080 40
2 2048 1080 39
3 2048 1080 40
4 2048 1080 38
5 2048 1080 40
6 2048 1080 39
7 2048 1080 40
8 2048 1080 38
9 2048 1080 40
10 2048 1080 39
11 2048 1080 40
12 2048 1080 38
13 2048 1080 40
14 2048 1080 39
15 2048 1080 40
16 2048 1080 38
17 2048 1080 40
18 2048 1080 39
19 2048 1080 40
20 2048 1080 38
21 2048 1080 40
22 2048 1080 39
23 2048 1080 40
24 2048 1080 38
25 2048 1080 40
26 2048 1080 39
27 2048 1080 40
28 2048 1080 38
29 2048 1080 40
30 2048 1080 39
31 2048 1080 40
32 2048 1080 38
33 2048 1080 40
34 2048 1080 39
35 2048 1080 40
36 2048 1080 38
37 2048 1080 40
38 2048 1080 39
39 2048 1080 40
40 2048 1080 38
41 2048 1080 40
42 2048 1080 39
43 2048 1080 40
44 2048 1080 38
45 2048 1080 40
46 2048 1080 39
47 2048 1080 40
48 2048 1080 38
49 2048 1080 40
50 2048 1080 39
51 2048 1080 40
52 2048 1080 38
53 2048 1080 40
54 2048 1080 39
55 2048 1080 40
56 2048 1080 38
57 2048 1080 40
58 2048 1080 39
59 2048 1080 40
60 2048 1080 38
61 2048 1080 40
62 2048 1080 39
63 2048 1080 40
64 2048 1080 38
65 2048 1080 40
66 2048 1080 39
67 2048 1080 40
68 2048 1080 38
69 2048 1080 40
70 2048 1080 39
71 2048 1080 40
72 2048 1080 38
73 2048 1080 40
74 2048 1080 39
75 2048 1080 40
76 2048 1080 38
77 2048 1080 40
78 2048 1080 39
79 2048 1080 40
80 2048 1080 38
81 2048 1080 40
82 2048 1080 39
83 2048 1080 40
84 2048 1080 38
85 2048 1080 40
86 2048 1080 39
87 2048 1080 40
88 2048 1080 38
89 2048 1080 40
90 2048 1080 39
91 2048 1080 40
92 2048 1080 38
93 2048 1080 40
94 2048 1080 39
95 2048 1080 40
96 2048 1080 38
97 2048 1080 40
98 2048 1080 39
99 2048 1080 40
100 2048 1080 38
101 2048 1080 40
102 2048 1080 39
103 2048 1080 40
104 2048 1080 38
105 2048 1080 40
106 2048 1080 39
107 2048 1080 40
108 2048 1080 38
109 2048 1080 40
110 2048 1080 39
111 2048 1080 40
112 2048 1080 38
113 2048 1080 40
114 2048 1080 39
115 2048 1080 40
116 2048 1080 38
117 2048 1080 40
118 2048 1080 39
119 2048 1080 40
120 2048 1080 38
121 2048 1080 40
122 2048 1080 39
123 2048 1080 40
124 2048 1080 38
125 2048 1080 40
126 2048 1080 39
127 2048 1080 40
128 2048 1080 38
129 2048 1080 40
130 2048 1080 39
131 2048 1080 40
132 2048 1080 38
133 2048 1080 40
134 2048 1080 39
135 2048 1080 40
136 2048 1080 38
137 2048 1080 40
138 2048 1080 39
139 2048 1080 40
140 2048 1080 38
141 2048 1080 40
142 2048 1080 39
143 2048 1080 40
144 2048 1080 38
145 2048 1080 40
146 2048 1080 39
147 2048 1080 40
148 2048 1080 38
149 2048 1080 40
150 2048 1080 39
151 2048 1080 40
152 2048 1080 38
153 2048 1080 40
154 2048 1080 39
155 2048 1080 40
156 2048 1080 38
157 2048 1080 40
158 2048 1080 39
159 2048 1080 40
160 2048 1080 38
161 2048 1080 40
162 2048 1080 39
163 2048 1080 40
164 2048 1080 38
165 2048 1080 40
166 2048 1080 39
167 2048 1080 40
168 2048 1080 38
169 2048 1080 40
170 2048 1080 39
171 2048 1080 40
172 2048 1080 38
173 2048 1080 40
174 2048 1080 39
175 2048 1080 40
176 2048 1080 38
177 2048 1080 40
178 2048 1080 39
179 2048 1080 40
180 2048 1080 38
181 2048 1080 40
182 2048 1080 39
183 2048 1080 40
184 2048 1080 38
185 2048 1080 40
186 2048 1080 39
187 2048 1080 40
188 2048 1080 38
189 2048 1080 40
190 2048 1080 39
191 2048 1080 40
192 2048 1080 38
193 2048 1080 40
194 2048 1080 39
195 2048 1080 40
196 2048 1080 38
197 2048 1080 40
198 2048 1080 39
199 2048 1080 40
200 2048 1080 38
201 2048 1080 40
202 2048 1080 39
203 2048 1080 40
204 2048 1080 38
205 2048 1080 40
206 2048 1080 39
207 2048 1080 40
208 2048 1080 38
209 2048 1080 40
210 2048 1080 39
211 2048 1080 40
212 2048 1080 38
213 2048 1080 40
214 2048 1080 39
215 2048 1080 40
216 2048 1080 38
217 2048 1080 40
218 2048 1080 39
219 2048 1080 40
220 2048 1080 38
221 2048 1080 40
222 2048 1080 39
223 2048 1080 40
224 2048 1080 38
225 2048 1080 40
226 2048 1080 39
227 2048 1080 40
228 2048 1080 38
229 2048 1080 40
230 2048 1080 39
231 2048 1080 40
232 2048 1080 38
233 2048 1080 40
234 2048 1080 39
235 2048 1080 40
236 2048 1080 38
237 2048 1080 40
238 2048 1080 39
239 2048 1080 40
240 2048 1080 38
241 2048 1080 40
242 2048 1080 39
243 2048 1080 40
244 2048 1080 38
245 2048 1080 40
246 2048 1080 39
247 2048 1080 40
248 2048 1080 38
249 2048 1080 40
250 2048 1080 39
251 2048 1080 40
252 2048 1080 38
253 2048 1080 40
254 2048 1080 39
255 2048 1080 40
256 2048 1080 38
257 2048 1080 40
258 2048 1080 39
259 2048 1080 40
260 2048 1080 38
261 2048 1080 40
262 2048 1080 39
263 2048 1080 40
264 2048 1080 38
265 2048 1080 40
266 2048 1080 39
267 2048 1080 40
268 2048 1080 38
269 2048 1080 40
270 2048 1080 39
271 2048 1080 40
272 2048 1080 38
273 2048 1080 40
274 2048 1080 39
275 2048 1080 40
276 2048 1080 38
277 2048 1080 40
278 2048 1080 39
279 2048 1080 40
280 2048 1080 38
281 2048 1080 40
282 2048 1080 39
283 2048 1080 40
284 2048 1080 38
285 2048 1080 40
286 2048 1080 39
287 2048 1080 40
288 2048 1080 38
289 2048 1080 40
290 2048 1080 39
291 2048 1080 40
292 2048 1080 38
293 2048 1080 40
294 2048 1080 39
295 2048 1080 40
296 2048 1080 38
297 2048 1080 40
298 2048 1080 39
299 2048 1080 40
300 2048 1080 38
301 2048 1080 40
302 2048 1080 39
303 2048 1080 40
304 2048 1080 38
305 2048 1080 40
306 2048 1080 39
307 2048 1080 40
308 2048 1080 38
309 2048 1080 40
310 2048 1080 39
311 2048 1080 40
312 2048 1080 38
313 2048 1080 40
314 2048 1080 39
315 2048 1080 40
316 2048 1080 38
317 2048 1080 40
318 2048 1080 39
319 2048 1080 40
320 2048 1080 38
321 2048 1080 40
322 2048 1080 39
323 2048 1080 40
324 2048 1080 38
325 2048 1080 40
326 2048 1080 39
327 2048 1080 40
328 2048 1080 38
329 2048 1080 40
330 2048 1080 39
331 2048 1080 40
332 2048 1080 38
333 2048 1080 40
334 2048 1080 39
335 2048 1080 40
336 2048 1080 38
337 2048 1080 40
338 2048 1080 39
339 2048 1080 40
340 2048 1080 38
341 2048 1080 40
342 2048 1080 39
343 2048 1080 40
344 2048 1080 38
345 2048 1080 40
346 2048 1080 39
347 2048 1080 40
348 2048 1080 38
349 2048 1080 40
350 2048 1080 39
351 2048 1080 40
352 2048 1080 38
353 2048 1080 40
354 2048 1080 39
355 2048 1080 40
356 2048 1080 38
357 2048 1080 40
358 2048 1080 39
359 2048 1080 40
360 2048 1080 38
361 2048 1080 40
362 2048 1080 39
363 2048 1080 40
364 2048 1080 38
365 2048 1080 40
366 2048 1080 39
367 2048 1080 40
368 2048 1080 38
369 2048 1080 40
370 2048 1080 39
371 2048 1080 40
372 2048 1080 38
373 2048 1080 40
374 2048 1080 39
375 2048 1080 40
376 2048 1080 38
377 2048 1080 40
378 2048 1080 39
379 2048 1080 40
380 2048 1080 38
381 2048 1080 40
382 2048 1080 39
383 2048 1080 40
384 2048 1080 38
385 2048 1080 40
386 2048 1080 39
387 2048 1080 40
388 2048 1080 38
389 2048 1080 40
390 2048 1080 39
391 2048 1080 40
392 2048 1080 38
393 2048 1080 40
394 2048 1080 39
395 2048 1080 40
396 2048 1080 38
397 2048 1080 40
398 2048 1080 39
399 2048 1080 40
400 2048 1080 38
401 2048 1080 40
402 2048 1080 39
403 2048 1080 40
404 2048 1080 38
405 2048 1080 40
406 2048 1080 39
407 2048 1080 40
408 2048 1080 38
409 2048 1080 40
410 2048 1080 39
411 2048 1080 40
412 2048 1080 38
413 2048 1080 40
414 2048 1080 39
415 2048 1080 40
416 2048 1080 38
417 2048 1080 40
418 2048 1080 39
419 2048 1080 40
420 2048 1080 38
421 2048 1080 40
422 2048 1080 39
423 2048 1080 40
424 2048 1080 38
425 2048 1080 40
426 2048 1080 39
427 2048 1080 40
428 2048 1080 38
429 2048 1080 40
430 2048 1080 39
431 2048 1080 40
432 2048 1080 38
433 2048 1080 40
434 2048 1080 39
435 2048 1080 40
436 2048 1080 38
437 2048 1080 40
438 2048 1080 39
439 2048 1080 40
440 2048 1080 38
441 2048 1080 40
442 2048 1080 39
443 2048 1080 40
444 2048 1080 38
445 2048 1080 40
446 2048 1080 39
447 2048 1080 40
448 2048 1080 38
449 2048 1080 40
450 2048 1080 39
451 2048 1080 40
452 2048 1080 38
453 2048 1080 40
454 2048 1080 39
455 2048 1080 40
456 2048 1080 38
457 2048 1080 40
458 2048 1080 39
459 2048 1080 40
460 2048 1080 38
461 2048 1080 40
462 2048 1080 39
463 2048 1080 40
464 2048 1080 38
465 2048 1080 40
466 2048 1080 39
467 2048 1080 40
468 2048 1080 38
469 2048 1080 40
470 2048 1080 39
471 2048 1080 40
472 2048 1080 38
473 2048 1080 40
474 2048 1080 39
475 2048 1080 40
476 2048 1080 38
477 2048 1080 40
478 2048 1080 39
479 2048 1080 40
480 2048 1080 38
481 2048 1080 40
482 2048 1080 39
483 2048 1080 40
484 2048 1080 38
485 2048 1080 40
486 2048 1080 39
487 2048 1080 40
488 2048 1080 38
489 2048 1080 40
490 2048 1080 39
491 2048 1080 40
492 2048 1080 38
493 2048 1080 40
494 2048 1080 39
495 2048 1080 40
496 2048 1080 38
497 2048 1080 40
498 2048 1080 39
499 2048 1080 40
500 2048 1080 38
501 2048 1080 40
502 2048 1080 39
503 2048 1080 40
504 2048 1080 38
505 2048 1080 40
506 2048 1080 39
507 2048 1080 40
508 2048 1080 38
509 2048 1080 40
510 2048 1080 39
511 2048 1080 40
512 2048 1080 38
513 2048 1080 40
514 2048 1080 39
515 2048 1080 40
516 2048 1080 38
517 2048 1080 40
518 2048 1080 39
519 2048 1080 40
520 2048 1080 38
521 2048 1080 40
522 2048 1080 39
523 2048 1080 40
524 2048 1080 38
525 2048 1080 40
526 2048 1080 39
527 2048 1080 40
528 2048 1080 38
529 2048 1080 40
530 2048 1080 39
531 2048 1080 40
532 2048 1080 38
533 2048 1080 40
534 2048 1080 39
535 2048 1080 40
536 2048 1080 38
537 2048 1080 40
538 2048 1080 39
539 2048 1080 40
540 2048 1080 38
541 2048 1080 40
542 2048 1080 39
543 2048 1080 40
544 2048 1080 38
545 2048 1080 40
546 2048 1080 39
547 2048 1080 40
548 2048 1080 38
549 2048 1080 40
550 2048 1080 39
551 2048 1080 40
552 2048 1080 38
553 2048 1080 40
554 2048 1080 39
555 2048 1080 40
556 2048 1080 38
557 2048 1080 40
558 2048 1080 39
559 2048 1080 40
560 2048 1080 38
561 2048 1080 40
562 2048 1080 39
563 2048 1080 40
564 2048 1080 38
565 2048 1080 40
566 2048 1080 39
567 2048 1080 40
568 2048 1080 38
569 2048 1080 40
570 2048 1080 39
571 2048 1080 40
572 2048 1080 38
573 2048 1080 40
574 2048 1080 39
575 2048 1080 40
576 2048 1080 38
577 2048 1080 40
578 2048 1080 39
579 2048 1080 40
580 2048 1080 38
581 2048 1080 40
582 2048 1080 39
583 2048 1080 40
584 2048 1080 38
585 2048 1080 40
586 2048 1080 39
587 2048 1080 40
588 2048 1080 38
589 2048 1080 40
590 2048 1080 39
591 2048 1080 40
592 2048 1080 38
593 2048 1080 40
594 2048 1080 39
595 2048 1080 40
596 2048 1080 38
597 2048 1080 40
598 2048 1080 39
599 2048 1080 40
