0 416 240 37  ../YUVs/BlowingBubbles_416x240_50.yuv
1 416 240 40
2 416 240 39
3 416 240 40
4 416 240 38
5 416 240 40
6 416 240 39
7 416 240 40
8 416 240 38
9 416 240 40
10 416 240 39
11 416 240 40
12 416 240 38
13 416 240 40
14 416 240 39
15 416 240 40
16 416 240 38
17 416 240 40
18 416 240 39
19 416 240 40
20 416 240 38
21 416 240 40
22 416 240 39
23 416 240 40
24 416 240 38
25 416 240 40
26 416 240 39
27 416 240 40
28 416 240 38
29 416 240 40
30 416 240 39
31 416 240 40
32 416 240 38
33 416 240 40
34 416 240 39
35 416 240 40
36 416 240 38
37 416 240 40
38 416 240 39
39 416 240 40
40 416 240 38
41 416 240 40
42 416 240 39
43 416 240 40
44 416 240 38
45 416 240 40
46 416 240 39
47 416 240 40
48 416 240 38
49 416 240 40
50 416 240 39
51 416 240 40
52 416 240 38
53 416 240 40
54 416 240 39
55 416 240 40
56 416 240 38
57 416 240 40
58 416 240 39
59 416 240 40
60 416 240 38
61 416 240 40
62 416 240 39
63 416 240 40
64 416 240 38
65 416 240 40
66 416 240 39
67 416 240 40
68 416 240 38
69 416 240 40
70 416 240 39
71 416 240 40
72 416 240 38
73 416 240 40
74 416 240 39
75 416 240 40
76 416 240 38
77 416 240 40
78 416 240 39
79 416 240 40
80 416 240 38
81 416 240 40
82 416 240 39
83 416 240 40
84 416 240 38
85 416 240 40
86 416 240 39
87 416 240 40
88 416 240 38
89 416 240 40
90 416 240 39
91 416 240 40
92 416 240 38
93 416 240 40
94 416 240 39
95 416 240 40
96 416 240 38
97 416 240 40
98 416 240 39
99 416 240 40
100 416 240 38
101 416 240 40
102 416 240 39
103 416 240 40
104 416 240 38
105 416 240 40
106 416 240 39
107 416 240 40
108 416 240 38
109 416 240 40
110 416 240 39
111 416 240 40
112 416 240 38
113 416 240 40
114 416 240 39
115 416 240 40
116 416 240 38
117 416 240 40
118 416 240 39
119 416 240 40
120 416 240 38
121 416 240 40
122 416 240 39
123 416 240 40
124 416 240 38
125 416 240 40
126 416 240 39
127 416 240 40
128 416 240 38
129 416 240 40
130 416 240 39
131 416 240 40
132 416 240 38
133 416 240 40
134 416 240 39
135 416 240 40
136 416 240 38
137 416 240 40
138 416 240 39
139 416 240 40
140 416 240 38
141 416 240 40
142 416 240 39
143 416 240 40
144 416 240 38
145 416 240 40
146 416 240 39
147 416 240 40
148 416 240 38
149 416 240 40
150 416 240 39
151 416 240 40
152 416 240 38
153 416 240 40
154 416 240 39
155 416 240 40
156 416 240 38
157 416 240 40
158 416 240 39
159 416 240 40
160 416 240 38
161 416 240 40
162 416 240 39
163 416 240 40
164 416 240 38
165 416 240 40
166 416 240 39
167 416 240 40
168 416 240 38
169 416 240 40
170 416 240 39
171 416 240 40
172 416 240 38
173 416 240 40
174 416 240 39
175 416 240 40
176 416 240 38
177 416 240 40
178 416 240 39
179 416 240 40
180 416 240 38
181 416 240 40
182 416 240 39
183 416 240 40
184 416 240 38
185 416 240 40
186 416 240 39
187 416 240 40
188 416 240 38
189 416 240 40
190 416 240 39
191 416 240 40
192 416 240 38
193 416 240 40
194 416 240 39
195 416 240 40
196 416 240 38
197 416 240 40
198 416 240 39
199 416 240 40
200 416 240 38
201 416 240 40
202 416 240 39
203 416 240 40
204 416 240 38
205 416 240 40
206 416 240 39
207 416 240 40
208 416 240 38
209 416 240 40
210 416 240 39
211 416 240 40
212 416 240 38
213 416 240 40
214 416 240 39
215 416 240 40
216 416 240 38
217 416 240 40
218 416 240 39
219 416 240 40
220 416 240 38
221 416 240 40
222 416 240 39
223 416 240 40
224 416 240 38
225 416 240 40
226 416 240 39
227 416 240 40
228 416 240 38
229 416 240 40
230 416 240 39
231 416 240 40
232 416 240 38
233 416 240 40
234 416 240 39
235 416 240 40
236 416 240 38
237 416 240 40
238 416 240 39
239 416 240 40
240 416 240 38
241 416 240 40
242 416 240 39
243 416 240 40
244 416 240 38
245 416 240 40
246 416 240 39
247 416 240 40
248 416 240 38
249 416 240 40
250 416 240 39
251 416 240 40
252 416 240 38
253 416 240 40
254 416 240 39
255 416 240 40
256 416 240 38
257 416 240 40
258 416 240 39
259 416 240 40
260 416 240 38
261 416 240 40
262 416 240 39
263 416 240 40
264 416 240 38
265 416 240 40
266 416 240 39
267 416 240 40
268 416 240 38
269 416 240 40
270 416 240 39
271 416 240 40
272 416 240 38
273 416 240 40
274 416 240 39
275 416 240 40
276 416 240 38
277 416 240 40
278 416 240 39
279 416 240 40
280 416 240 38
281 416 240 40
282 416 240 39
283 416 240 40
284 416 240 38
285 416 240 40
286 416 240 39
287 416 240 40
288 416 240 38
289 416 240 40
290 416 240 39
291 416 240 40
292 416 240 38
293 416 240 40
294 416 240 39
295 416 240 40
296 416 240 38
297 416 240 40
298 416 240 39
299 416 240 40
300 416 240 38
301 416 240 40
302 416 240 39
303 416 240 40
304 416 240 38
305 416 240 40
306 416 240 39
307 416 240 40
308 416 240 38
309 416 240 40
310 416 240 39
311 416 240 40
312 416 240 38
313 416 240 40
314 416 240 39
315 416 240 40
316 416 240 38
317 416 240 40
318 416 240 39
319 416 240 40
320 416 240 38
321 416 240 40
322 416 240 39
323 416 240 40
324 416 240 38
325 416 240 40
326 416 240 39
327 416 240 40
328 416 240 38
329 416 240 40
330 416 240 39
331 416 240 40
332 416 240 38
333 416 240 40
334 416 240 39
335 416 240 40
336 416 240 38
337 416 240 40
338 416 240 39
339 416 240 40
340 416 240 38
341 416 240 40
342 416 240 39
343 416 240 40
344 416 240 38
345 416 240 40
346 416 240 39
347 416 240 40
348 416 240 38
349 416 240 40
350 416 240 39
351 416 240 40
352 416 240 38
353 416 240 40
354 416 240 39
355 416 240 40
356 416 240 38
357 416 240 40
358 416 240 39
359 416 240 40
360 416 240 38
361 416 240 40
362 416 240 39
363 416 240 40
364 416 240 38
365 416 240 40
366 416 240 39
367 416 240 40
368 416 240 38
369 416 240 40
370 416 240 39
371 416 240 40
372 416 240 38
373 416 240 40
374 416 240 39
375 416 240 40
376 416 240 38
377 416 240 40
378 416 240 39
379 416 240 40
380 416 240 38
381 416 240 40
382 416 240 39
383 416 240 40
384 416 240 38
385 416 240 40
386 416 240 39
387 416 240 40
388 416 240 38
389 416 240 40
390 416 240 39
391 416 240 40
392 416 240 38
393 416 240 40
394 416 240 39
395 416 240 40
396 416 240 38
397 416 240 40
398 416 240 39
399 416 240 40
400 416 240 38
401 416 240 40
402 416 240 39
403 416 240 40
404 416 240 38
405 416 240 40
406 416 240 39
407 416 240 40
408 416 240 38
409 416 240 40
410 416 240 39
411 416 240 40
412 416 240 38
413 416 240 40
414 416 240 39
415 416 240 40
416 416 240 38
417 416 240 40
418 416 240 39
419 416 240 40
420 416 240 38
421 416 240 40
422 416 240 39
423 416 240 40
424 416 240 38
425 416 240 40
426 416 240 39
427 416 240 40
428 416 240 38
429 416 240 40
430 416 240 39
431 416 240 40
432 416 240 38
433 416 240 40
434 416 240 39
435 416 240 40
436 416 240 38
437 416 240 40
438 416 240 39
439 416 240 40
440 416 240 38
441 416 240 40
442 416 240 39
443 416 240 40
444 416 240 38
445 416 240 40
446 416 240 39
447 416 240 40
448 416 240 38
449 416 240 40
450 416 240 39
451 416 240 40
452 416 240 38
453 416 240 40
454 416 240 39
455 416 240 40
456 416 240 38
457 416 240 40
458 416 240 39
459 416 240 40
460 416 240 38
461 416 240 40
462 416 240 39
463 416 240 40
464 416 240 38
465 416 240 40
466 416 240 39
467 416 240 40
468 416 240 38
469 416 240 40
470 416 240 39
471 416 240 40
472 416 240 38
473 416 240 40
474 416 240 39
475 416 240 40
476 416 240 38
477 416 240 40
478 416 240 39
479 416 240 40
480 416 240 38
481 416 240 40
482 416 240 39
483 416 240 40
484 416 240 38
485 416 240 40
486 416 240 39
487 416 240 40
488 416 240 38
489 416 240 40
490 416 240 39
491 416 240 40
492 416 240 38
493 416 240 40
494 416 240 39
495 416 240 40
496 416 240 38
497 416 240 40
498 416 240 39
499 416 240 40
