0 832 480 27  ../YUVs/BasketballDrill_832x480_50.yuv
1 832 480 30
2 832 480 29
3 832 480 30
4 832 480 28
5 832 480 30
6 832 480 29
7 832 480 30
8 832 480 28
9 832 480 30
10 832 480 29
11 832 480 30
12 832 480 28
13 832 480 30
14 832 480 29
15 832 480 30
16 832 480 28
17 832 480 30
18 832 480 29
19 832 480 30
20 832 480 28
21 832 480 30
22 832 480 29
23 832 480 30
24 832 480 28
25 832 480 30
26 832 480 29
27 832 480 30
28 832 480 28
29 832 480 30
30 832 480 29
31 832 480 30
32 832 480 28
33 832 480 30
34 832 480 29
35 832 480 30
36 832 480 28
37 832 480 30
38 832 480 29
39 832 480 30
40 832 480 28
41 832 480 30
42 832 480 29
43 832 480 30
44 832 480 28
45 832 480 30
46 832 480 29
47 832 480 30
48 832 480 28
49 832 480 30
50 832 480 29
51 832 480 30
52 832 480 28
53 832 480 30
54 832 480 29
55 832 480 30
56 832 480 28
57 832 480 30
58 832 480 29
59 832 480 30
60 832 480 28
61 832 480 30
62 832 480 29
63 832 480 30
64 832 480 28
65 832 480 30
66 832 480 29
67 832 480 30
68 832 480 28
69 832 480 30
70 832 480 29
71 832 480 30
72 832 480 28
73 832 480 30
74 832 480 29
75 832 480 30
76 832 480 28
77 832 480 30
78 832 480 29
79 832 480 30
80 832 480 28
81 832 480 30
82 832 480 29
83 832 480 30
84 832 480 28
85 832 480 30
86 832 480 29
87 832 480 30
88 832 480 28
89 832 480 30
90 832 480 29
91 832 480 30
92 832 480 28
93 832 480 30
94 832 480 29
95 832 480 30
96 832 480 28
97 832 480 30
98 832 480 29
99 832 480 30
100 832 480 28
101 832 480 30
102 832 480 29
103 832 480 30
104 832 480 28
105 832 480 30
106 832 480 29
107 832 480 30
108 832 480 28
109 832 480 30
110 832 480 29
111 832 480 30
112 832 480 28
113 832 480 30
114 832 480 29
115 832 480 30
116 832 480 28
117 832 480 30
118 832 480 29
119 832 480 30
120 832 480 28
121 832 480 30
122 832 480 29
123 832 480 30
124 832 480 28
125 832 480 30
126 832 480 29
127 832 480 30
128 832 480 28
129 832 480 30
130 832 480 29
131 832 480 30
132 832 480 28
133 832 480 30
134 832 480 29
135 832 480 30
136 832 480 28
137 832 480 30
138 832 480 29
139 832 480 30
140 832 480 28
141 832 480 30
142 832 480 29
143 832 480 30
144 832 480 28
145 832 480 30
146 832 480 29
147 832 480 30
148 832 480 28
149 832 480 30
150 832 480 29
151 832 480 30
152 832 480 28
153 832 480 30
154 832 480 29
155 832 480 30
156 832 480 28
157 832 480 30
158 832 480 29
159 832 480 30
160 832 480 28
161 832 480 30
162 832 480 29
163 832 480 30
164 832 480 28
165 832 480 30
166 832 480 29
167 832 480 30
168 832 480 28
169 832 480 30
170 832 480 29
171 832 480 30
172 832 480 28
173 832 480 30
174 832 480 29
175 832 480 30
176 832 480 28
177 832 480 30
178 832 480 29
179 832 480 30
180 832 480 28
181 832 480 30
182 832 480 29
183 832 480 30
184 832 480 28
185 832 480 30
186 832 480 29
187 832 480 30
188 832 480 28
189 832 480 30
190 832 480 29
191 832 480 30
192 832 480 28
193 832 480 30
194 832 480 29
195 832 480 30
196 832 480 28
197 832 480 30
198 832 480 29
199 832 480 30
200 832 480 28
201 832 480 30
202 832 480 29
203 832 480 30
204 832 480 28
205 832 480 30
206 832 480 29
207 832 480 30
208 832 480 28
209 832 480 30
210 832 480 29
211 832 480 30
212 832 480 28
213 832 480 30
214 832 480 29
215 832 480 30
216 832 480 28
217 832 480 30
218 832 480 29
219 832 480 30
220 832 480 28
221 832 480 30
222 832 480 29
223 832 480 30
224 832 480 28
225 832 480 30
226 832 480 29
227 832 480 30
228 832 480 28
229 832 480 30
230 832 480 29
231 832 480 30
232 832 480 28
233 832 480 30
234 832 480 29
235 832 480 30
236 832 480 28
237 832 480 30
238 832 480 29
239 832 480 30
240 832 480 28
241 832 480 30
242 832 480 29
243 832 480 30
244 832 480 28
245 832 480 30
246 832 480 29
247 832 480 30
248 832 480 28
249 832 480 30
250 832 480 29
251 832 480 30
252 832 480 28
253 832 480 30
254 832 480 29
255 832 480 30
256 832 480 28
257 832 480 30
258 832 480 29
259 832 480 30
260 832 480 28
261 832 480 30
262 832 480 29
263 832 480 30
264 832 480 28
265 832 480 30
266 832 480 29
267 832 480 30
268 832 480 28
269 832 480 30
270 832 480 29
271 832 480 30
272 832 480 28
273 832 480 30
274 832 480 29
275 832 480 30
276 832 480 28
277 832 480 30
278 832 480 29
279 832 480 30
280 832 480 28
281 832 480 30
282 832 480 29
283 832 480 30
284 832 480 28
285 832 480 30
286 832 480 29
287 832 480 30
288 832 480 28
289 832 480 30
290 832 480 29
291 832 480 30
292 832 480 28
293 832 480 30
294 832 480 29
295 832 480 30
296 832 480 28
297 832 480 30
298 832 480 29
299 832 480 30
300 832 480 28
301 832 480 30
302 832 480 29
303 832 480 30
304 832 480 28
305 832 480 30
306 832 480 29
307 832 480 30
308 832 480 28
309 832 480 30
310 832 480 29
311 832 480 30
312 832 480 28
313 832 480 30
314 832 480 29
315 832 480 30
316 832 480 28
317 832 480 30
318 832 480 29
319 832 480 30
320 832 480 28
321 832 480 30
322 832 480 29
323 832 480 30
324 832 480 28
325 832 480 30
326 832 480 29
327 832 480 30
328 832 480 28
329 832 480 30
330 832 480 29
331 832 480 30
332 832 480 28
333 832 480 30
334 832 480 29
335 832 480 30
336 832 480 28
337 832 480 30
338 832 480 29
339 832 480 30
340 832 480 28
341 832 480 30
342 832 480 29
343 832 480 30
344 832 480 28
345 832 480 30
346 832 480 29
347 832 480 30
348 832 480 28
349 832 480 30
350 832 480 29
351 832 480 30
352 832 480 28
353 832 480 30
354 832 480 29
355 832 480 30
356 832 480 28
357 832 480 30
358 832 480 29
359 832 480 30
360 832 480 28
361 832 480 30
362 832 480 29
363 832 480 30
364 832 480 28
365 832 480 30
366 832 480 29
367 832 480 30
368 832 480 28
369 832 480 30
370 832 480 29
371 832 480 30
372 832 480 28
373 832 480 30
374 832 480 29
375 832 480 30
376 832 480 28
377 832 480 30
378 832 480 29
379 832 480 30
380 832 480 28
381 832 480 30
382 832 480 29
383 832 480 30
384 832 480 28
385 832 480 30
386 832 480 29
387 832 480 30
388 832 480 28
389 832 480 30
390 832 480 29
391 832 480 30
392 832 480 28
393 832 480 30
394 832 480 29
395 832 480 30
396 832 480 28
397 832 480 30
398 832 480 29
399 832 480 30
400 832 480 28
401 832 480 30
402 832 480 29
403 832 480 30
404 832 480 28
405 832 480 30
406 832 480 29
407 832 480 30
408 832 480 28
409 832 480 30
410 832 480 29
411 832 480 30
412 832 480 28
413 832 480 30
414 832 480 29
415 832 480 30
416 832 480 28
417 832 480 30
418 832 480 29
419 832 480 30
420 832 480 28
421 832 480 30
422 832 480 29
423 832 480 30
424 832 480 28
425 832 480 30
426 832 480 29
427 832 480 30
428 832 480 28
429 832 480 30
430 832 480 29
431 832 480 30
432 832 480 28
433 832 480 30
434 832 480 29
435 832 480 30
436 832 480 28
437 832 480 30
438 832 480 29
439 832 480 30
440 832 480 28
441 832 480 30
442 832 480 29
443 832 480 30
444 832 480 28
445 832 480 30
446 832 480 29
447 832 480 30
448 832 480 28
449 832 480 30
450 832 480 29
451 832 480 30
452 832 480 28
453 832 480 30
454 832 480 29
455 832 480 30
456 832 480 28
457 832 480 30
458 832 480 29
459 832 480 30
460 832 480 28
461 832 480 30
462 832 480 29
463 832 480 30
464 832 480 28
465 832 480 30
466 832 480 29
467 832 480 30
468 832 480 28
469 832 480 30
470 832 480 29
471 832 480 30
472 832 480 28
473 832 480 30
474 832 480 29
475 832 480 30
476 832 480 28
477 832 480 30
478 832 480 29
479 832 480 30
480 832 480 28
481 832 480 30
482 832 480 29
483 832 480 30
484 832 480 28
485 832 480 30
486 832 480 29
487 832 480 30
488 832 480 28
489 832 480 30
490 832 480 29
491 832 480 30
492 832 480 28
493 832 480 30
494 832 480 29
495 832 480 30
496 832 480 28
497 832 480 30
498 832 480 29
499 832 480 30
