0 1280 720 37  ../YUVs/mobcal_ter_720p50.yuv
1 1280 720 40
2 1280 720 39
3 1280 720 40
4 1280 720 38
5 1280 720 40
6 1280 720 39
7 1280 720 40
8 1280 720 38
9 1280 720 40
10 1280 720 39
11 1280 720 40
12 1280 720 38
13 1280 720 40
14 1280 720 39
15 1280 720 40
16 1280 720 38
17 1280 720 40
18 1280 720 39
19 1280 720 40
20 1280 720 38
21 1280 720 40
22 1280 720 39
23 1280 720 40
24 1280 720 38
25 1280 720 40
26 1280 720 39
27 1280 720 40
28 1280 720 38
29 1280 720 40
30 1280 720 39
31 1280 720 40
32 1280 720 38
33 1280 720 40
34 1280 720 39
35 1280 720 40
36 1280 720 38
37 1280 720 40
38 1280 720 39
39 1280 720 40
40 1280 720 38
41 1280 720 40
42 1280 720 39
43 1280 720 40
44 1280 720 38
45 1280 720 40
46 1280 720 39
47 1280 720 40
48 1280 720 38
49 1280 720 40
50 1280 720 39
51 1280 720 40
52 1280 720 38
53 1280 720 40
54 1280 720 39
55 1280 720 40
56 1280 720 38
57 1280 720 40
58 1280 720 39
59 1280 720 40
60 1280 720 38
61 1280 720 40
62 1280 720 39
63 1280 720 40
64 1280 720 38
65 1280 720 40
66 1280 720 39
67 1280 720 40
68 1280 720 38
69 1280 720 40
70 1280 720 39
71 1280 720 40
72 1280 720 38
73 1280 720 40
74 1280 720 39
75 1280 720 40
76 1280 720 38
77 1280 720 40
78 1280 720 39
79 1280 720 40
80 1280 720 38
81 1280 720 40
82 1280 720 39
83 1280 720 40
84 1280 720 38
85 1280 720 40
86 1280 720 39
87 1280 720 40
88 1280 720 38
89 1280 720 40
90 1280 720 39
91 1280 720 40
92 1280 720 38
93 1280 720 40
94 1280 720 39
95 1280 720 40
96 1280 720 38
97 1280 720 40
98 1280 720 39
99 1280 720 40
100 1280 720 38
101 1280 720 40
102 1280 720 39
103 1280 720 40
104 1280 720 38
105 1280 720 40
106 1280 720 39
107 1280 720 40
108 1280 720 38
109 1280 720 40
110 1280 720 39
111 1280 720 40
112 1280 720 38
113 1280 720 40
114 1280 720 39
115 1280 720 40
116 1280 720 38
117 1280 720 40
118 1280 720 39
119 1280 720 40
120 1280 720 38
121 1280 720 40
122 1280 720 39
123 1280 720 40
124 1280 720 38
125 1280 720 40
126 1280 720 39
127 1280 720 40
128 1280 720 38
129 1280 720 40
130 1280 720 39
131 1280 720 40
132 1280 720 38
133 1280 720 40
134 1280 720 39
135 1280 720 40
136 1280 720 38
137 1280 720 40
138 1280 720 39
139 1280 720 40
140 1280 720 38
141 1280 720 40
142 1280 720 39
143 1280 720 40
144 1280 720 38
145 1280 720 40
146 1280 720 39
147 1280 720 40
148 1280 720 38
149 1280 720 40
150 1280 720 39
151 1280 720 40
152 1280 720 38
153 1280 720 40
154 1280 720 39
155 1280 720 40
156 1280 720 38
157 1280 720 40
158 1280 720 39
159 1280 720 40
160 1280 720 38
161 1280 720 40
162 1280 720 39
163 1280 720 40
164 1280 720 38
165 1280 720 40
166 1280 720 39
167 1280 720 40
168 1280 720 38
169 1280 720 40
170 1280 720 39
171 1280 720 40
172 1280 720 38
173 1280 720 40
174 1280 720 39
175 1280 720 40
176 1280 720 38
177 1280 720 40
178 1280 720 39
179 1280 720 40
180 1280 720 38
181 1280 720 40
182 1280 720 39
183 1280 720 40
184 1280 720 38
185 1280 720 40
186 1280 720 39
187 1280 720 40
188 1280 720 38
189 1280 720 40
190 1280 720 39
191 1280 720 40
192 1280 720 38
193 1280 720 40
194 1280 720 39
195 1280 720 40
196 1280 720 38
197 1280 720 40
198 1280 720 39
199 1280 720 40
200 1280 720 38
201 1280 720 40
202 1280 720 39
203 1280 720 40
204 1280 720 38
205 1280 720 40
206 1280 720 39
207 1280 720 40
208 1280 720 38
209 1280 720 40
210 1280 720 39
211 1280 720 40
212 1280 720 38
213 1280 720 40
214 1280 720 39
215 1280 720 40
216 1280 720 38
217 1280 720 40
218 1280 720 39
219 1280 720 40
220 1280 720 38
221 1280 720 40
222 1280 720 39
223 1280 720 40
224 1280 720 38
225 1280 720 40
226 1280 720 39
227 1280 720 40
228 1280 720 38
229 1280 720 40
230 1280 720 39
231 1280 720 40
232 1280 720 38
233 1280 720 40
234 1280 720 39
235 1280 720 40
236 1280 720 38
237 1280 720 40
238 1280 720 39
239 1280 720 40
240 1280 720 38
241 1280 720 40
242 1280 720 39
243 1280 720 40
244 1280 720 38
245 1280 720 40
246 1280 720 39
247 1280 720 40
248 1280 720 38
249 1280 720 40
250 1280 720 39
251 1280 720 40
252 1280 720 38
253 1280 720 40
254 1280 720 39
255 1280 720 40
256 1280 720 38
257 1280 720 40
258 1280 720 39
259 1280 720 40
260 1280 720 38
261 1280 720 40
262 1280 720 39
263 1280 720 40
264 1280 720 38
265 1280 720 40
266 1280 720 39
267 1280 720 40
268 1280 720 38
269 1280 720 40
270 1280 720 39
271 1280 720 40
272 1280 720 38
273 1280 720 40
274 1280 720 39
275 1280 720 40
276 1280 720 38
277 1280 720 40
278 1280 720 39
279 1280 720 40
280 1280 720 38
281 1280 720 40
282 1280 720 39
283 1280 720 40
284 1280 720 38
285 1280 720 40
286 1280 720 39
287 1280 720 40
288 1280 720 38
289 1280 720 40
290 1280 720 39
291 1280 720 40
292 1280 720 38
293 1280 720 40
294 1280 720 39
295 1280 720 40
296 1280 720 38
297 1280 720 40
298 1280 720 39
299 1280 720 40
300 1280 720 38
301 1280 720 40
302 1280 720 39
303 1280 720 40
304 1280 720 38
305 1280 720 40
306 1280 720 39
307 1280 720 40
308 1280 720 38
309 1280 720 40
310 1280 720 39
311 1280 720 40
312 1280 720 38
313 1280 720 40
314 1280 720 39
315 1280 720 40
316 1280 720 38
317 1280 720 40
318 1280 720 39
319 1280 720 40
320 1280 720 38
321 1280 720 40
322 1280 720 39
323 1280 720 40
324 1280 720 38
325 1280 720 40
326 1280 720 39
327 1280 720 40
328 1280 720 38
329 1280 720 40
330 1280 720 39
331 1280 720 40
332 1280 720 38
333 1280 720 40
334 1280 720 39
335 1280 720 40
336 1280 720 38
337 1280 720 40
338 1280 720 39
339 1280 720 40
340 1280 720 38
341 1280 720 40
342 1280 720 39
343 1280 720 40
344 1280 720 38
345 1280 720 40
346 1280 720 39
347 1280 720 40
348 1280 720 38
349 1280 720 40
350 1280 720 39
351 1280 720 40
352 1280 720 38
353 1280 720 40
354 1280 720 39
355 1280 720 40
356 1280 720 38
357 1280 720 40
358 1280 720 39
359 1280 720 40
360 1280 720 38
361 1280 720 40
362 1280 720 39
363 1280 720 40
364 1280 720 38
365 1280 720 40
366 1280 720 39
367 1280 720 40
368 1280 720 38
369 1280 720 40
370 1280 720 39
371 1280 720 40
372 1280 720 38
373 1280 720 40
374 1280 720 39
375 1280 720 40
376 1280 720 38
377 1280 720 40
378 1280 720 39
379 1280 720 40
380 1280 720 38
381 1280 720 40
382 1280 720 39
383 1280 720 40
384 1280 720 38
385 1280 720 40
386 1280 720 39
387 1280 720 40
388 1280 720 38
389 1280 720 40
390 1280 720 39
391 1280 720 40
392 1280 720 38
393 1280 720 40
394 1280 720 39
395 1280 720 40
396 1280 720 38
397 1280 720 40
398 1280 720 39
399 1280 720 40
400 1280 720 38
401 1280 720 40
402 1280 720 39
403 1280 720 40
404 1280 720 38
405 1280 720 40
406 1280 720 39
407 1280 720 40
408 1280 720 38
409 1280 720 40
410 1280 720 39
411 1280 720 40
412 1280 720 38
413 1280 720 40
414 1280 720 39
415 1280 720 40
416 1280 720 38
417 1280 720 40
418 1280 720 39
419 1280 720 40
420 1280 720 38
421 1280 720 40
422 1280 720 39
423 1280 720 40
424 1280 720 38
425 1280 720 40
426 1280 720 39
427 1280 720 40
428 1280 720 38
429 1280 720 40
430 1280 720 39
431 1280 720 40
432 1280 720 38
433 1280 720 40
434 1280 720 39
435 1280 720 40
436 1280 720 38
437 1280 720 40
438 1280 720 39
439 1280 720 40
440 1280 720 38
441 1280 720 40
442 1280 720 39
443 1280 720 40
444 1280 720 38
445 1280 720 40
446 1280 720 39
447 1280 720 40
448 1280 720 38
449 1280 720 40
450 1280 720 39
451 1280 720 40
452 1280 720 38
453 1280 720 40
454 1280 720 39
455 1280 720 40
456 1280 720 38
457 1280 720 40
458 1280 720 39
459 1280 720 40
460 1280 720 38
461 1280 720 40
462 1280 720 39
463 1280 720 40
464 1280 720 38
465 1280 720 40
466 1280 720 39
467 1280 720 40
468 1280 720 38
469 1280 720 40
470 1280 720 39
471 1280 720 40
472 1280 720 38
473 1280 720 40
474 1280 720 39
475 1280 720 40
476 1280 720 38
477 1280 720 40
478 1280 720 39
479 1280 720 40
480 1280 720 38
481 1280 720 40
482 1280 720 39
483 1280 720 40
484 1280 720 38
485 1280 720 40
486 1280 720 39
487 1280 720 40
488 1280 720 38
489 1280 720 40
490 1280 720 39
491 1280 720 40
492 1280 720 38
493 1280 720 40
494 1280 720 39
495 1280 720 40
496 1280 720 38
497 1280 720 40
498 1280 720 39
499 1280 720 40
