0 2048 1080 22  ../YUVs/Netflix_Narrator_2048x1080_60fps_420.yuv
1 2048 1080 25
2 2048 1080 24
3 2048 1080 25
4 2048 1080 23
5 2048 1080 25
6 2048 1080 24
7 2048 1080 25
8 2048 1080 23
9 2048 1080 25
10 2048 1080 24
11 2048 1080 25
12 2048 1080 23
13 2048 1080 25
14 2048 1080 24
15 2048 1080 25
16 2048 1080 23
17 2048 1080 25
18 2048 1080 24
19 2048 1080 25
20 2048 1080 23
21 2048 1080 25
22 2048 1080 24
23 2048 1080 25
24 2048 1080 23
25 2048 1080 25
26 2048 1080 24
27 2048 1080 25
28 2048 1080 23
29 2048 1080 25
30 2048 1080 24
31 2048 1080 25
32 2048 1080 23
33 2048 1080 25
34 2048 1080 24
35 2048 1080 25
36 2048 1080 23
37 2048 1080 25
38 2048 1080 24
39 2048 1080 25
40 2048 1080 23
41 2048 1080 25
42 2048 1080 24
43 2048 1080 25
44 2048 1080 23
45 2048 1080 25
46 2048 1080 24
47 2048 1080 25
48 2048 1080 23
49 2048 1080 25
50 2048 1080 24
51 2048 1080 25
52 2048 1080 23
53 2048 1080 25
54 2048 1080 24
55 2048 1080 25
56 2048 1080 23
57 2048 1080 25
58 2048 1080 24
59 2048 1080 25
60 2048 1080 23
61 2048 1080 25
62 2048 1080 24
63 2048 1080 25
64 2048 1080 23
65 2048 1080 25
66 2048 1080 24
67 2048 1080 25
68 2048 1080 23
69 2048 1080 25
70 2048 1080 24
71 2048 1080 25
72 2048 1080 23
73 2048 1080 25
74 2048 1080 24
75 2048 1080 25
76 2048 1080 23
77 2048 1080 25
78 2048 1080 24
79 2048 1080 25
80 2048 1080 23
81 2048 1080 25
82 2048 1080 24
83 2048 1080 25
84 2048 1080 23
85 2048 1080 25
86 2048 1080 24
87 2048 1080 25
88 2048 1080 23
89 2048 1080 25
90 2048 1080 24
91 2048 1080 25
92 2048 1080 23
93 2048 1080 25
94 2048 1080 24
95 2048 1080 25
96 2048 1080 23
97 2048 1080 25
98 2048 1080 24
99 2048 1080 25
100 2048 1080 23
101 2048 1080 25
102 2048 1080 24
103 2048 1080 25
104 2048 1080 23
105 2048 1080 25
106 2048 1080 24
107 2048 1080 25
108 2048 1080 23
109 2048 1080 25
110 2048 1080 24
111 2048 1080 25
112 2048 1080 23
113 2048 1080 25
114 2048 1080 24
115 2048 1080 25
116 2048 1080 23
117 2048 1080 25
118 2048 1080 24
119 2048 1080 25
120 2048 1080 23
121 2048 1080 25
122 2048 1080 24
123 2048 1080 25
124 2048 1080 23
125 2048 1080 25
126 2048 1080 24
127 2048 1080 25
128 2048 1080 23
129 2048 1080 25
130 2048 1080 24
131 2048 1080 25
132 2048 1080 23
133 2048 1080 25
134 2048 1080 24
135 2048 1080 25
136 2048 1080 23
137 2048 1080 25
138 2048 1080 24
139 2048 1080 25
140 2048 1080 23
141 2048 1080 25
142 2048 1080 24
143 2048 1080 25
144 2048 1080 23
145 2048 1080 25
146 2048 1080 24
147 2048 1080 25
148 2048 1080 23
149 2048 1080 25
150 2048 1080 24
151 2048 1080 25
152 2048 1080 23
153 2048 1080 25
154 2048 1080 24
155 2048 1080 25
156 2048 1080 23
157 2048 1080 25
158 2048 1080 24
159 2048 1080 25
160 2048 1080 23
161 2048 1080 25
162 2048 1080 24
163 2048 1080 25
164 2048 1080 23
165 2048 1080 25
166 2048 1080 24
167 2048 1080 25
168 2048 1080 23
169 2048 1080 25
170 2048 1080 24
171 2048 1080 25
172 2048 1080 23
173 2048 1080 25
174 2048 1080 24
175 2048 1080 25
176 2048 1080 23
177 2048 1080 25
178 2048 1080 24
179 2048 1080 25
180 2048 1080 23
181 2048 1080 25
182 2048 1080 24
183 2048 1080 25
184 2048 1080 23
185 2048 1080 25
186 2048 1080 24
187 2048 1080 25
188 2048 1080 23
189 2048 1080 25
190 2048 1080 24
191 2048 1080 25
192 2048 1080 23
193 2048 1080 25
194 2048 1080 24
195 2048 1080 25
196 2048 1080 23
197 2048 1080 25
198 2048 1080 24
199 2048 1080 25
200 2048 1080 23
201 2048 1080 25
202 2048 1080 24
203 2048 1080 25
204 2048 1080 23
205 2048 1080 25
206 2048 1080 24
207 2048 1080 25
208 2048 1080 23
209 2048 1080 25
210 2048 1080 24
211 2048 1080 25
212 2048 1080 23
213 2048 1080 25
214 2048 1080 24
215 2048 1080 25
216 2048 1080 23
217 2048 1080 25
218 2048 1080 24
219 2048 1080 25
220 2048 1080 23
221 2048 1080 25
222 2048 1080 24
223 2048 1080 25
224 2048 1080 23
225 2048 1080 25
226 2048 1080 24
227 2048 1080 25
228 2048 1080 23
229 2048 1080 25
230 2048 1080 24
231 2048 1080 25
232 2048 1080 23
233 2048 1080 25
234 2048 1080 24
235 2048 1080 25
236 2048 1080 23
237 2048 1080 25
238 2048 1080 24
239 2048 1080 25
240 2048 1080 23
241 2048 1080 25
242 2048 1080 24
243 2048 1080 25
244 2048 1080 23
245 2048 1080 25
246 2048 1080 24
247 2048 1080 25
248 2048 1080 23
249 2048 1080 25
250 2048 1080 24
251 2048 1080 25
252 2048 1080 23
253 2048 1080 25
254 2048 1080 24
255 2048 1080 25
256 2048 1080 23
257 2048 1080 25
258 2048 1080 24
259 2048 1080 25
260 2048 1080 23
261 2048 1080 25
262 2048 1080 24
263 2048 1080 25
264 2048 1080 23
265 2048 1080 25
266 2048 1080 24
267 2048 1080 25
268 2048 1080 23
269 2048 1080 25
270 2048 1080 24
271 2048 1080 25
272 2048 1080 23
273 2048 1080 25
274 2048 1080 24
275 2048 1080 25
276 2048 1080 23
277 2048 1080 25
278 2048 1080 24
279 2048 1080 25
280 2048 1080 23
281 2048 1080 25
282 2048 1080 24
283 2048 1080 25
284 2048 1080 23
285 2048 1080 25
286 2048 1080 24
287 2048 1080 25
288 2048 1080 23
289 2048 1080 25
290 2048 1080 24
291 2048 1080 25
292 2048 1080 23
293 2048 1080 25
294 2048 1080 24
295 2048 1080 25
296 2048 1080 23
297 2048 1080 25
298 2048 1080 24
299 2048 1080 25
