0 720 480 27  ../YUVs/galleon_720x480.yuv
1 720 480 30
2 720 480 29
3 720 480 30
4 720 480 28
5 720 480 30
6 720 480 29
7 720 480 30
8 720 480 28
9 720 480 30
10 720 480 29
11 720 480 30
12 720 480 28
13 720 480 30
14 720 480 29
15 720 480 30
16 720 480 28
17 720 480 30
18 720 480 29
19 720 480 30
20 720 480 28
21 720 480 30
22 720 480 29
23 720 480 30
24 720 480 28
25 720 480 30
26 720 480 29
27 720 480 30
28 720 480 28
29 720 480 30
30 720 480 29
31 720 480 30
32 720 480 28
33 720 480 30
34 720 480 29
35 720 480 30
36 720 480 28
37 720 480 30
38 720 480 29
39 720 480 30
40 720 480 28
41 720 480 30
42 720 480 29
43 720 480 30
44 720 480 28
45 720 480 30
46 720 480 29
47 720 480 30
48 720 480 28
49 720 480 30
50 720 480 29
51 720 480 30
52 720 480 28
53 720 480 30
54 720 480 29
55 720 480 30
56 720 480 28
57 720 480 30
58 720 480 29
59 720 480 30
60 720 480 28
61 720 480 30
62 720 480 29
63 720 480 30
64 720 480 28
65 720 480 30
66 720 480 29
67 720 480 30
68 720 480 28
69 720 480 30
70 720 480 29
71 720 480 30
72 720 480 28
73 720 480 30
74 720 480 29
75 720 480 30
76 720 480 28
77 720 480 30
78 720 480 29
79 720 480 30
80 720 480 28
81 720 480 30
82 720 480 29
83 720 480 30
84 720 480 28
85 720 480 30
86 720 480 29
87 720 480 30
88 720 480 28
89 720 480 30
90 720 480 29
91 720 480 30
92 720 480 28
93 720 480 30
94 720 480 29
95 720 480 30
96 720 480 28
97 720 480 30
98 720 480 29
99 720 480 30
100 720 480 28
101 720 480 30
102 720 480 29
103 720 480 30
104 720 480 28
105 720 480 30
106 720 480 29
107 720 480 30
108 720 480 28
109 720 480 30
110 720 480 29
111 720 480 30
112 720 480 28
113 720 480 30
114 720 480 29
115 720 480 30
116 720 480 28
117 720 480 30
118 720 480 29
119 720 480 30
120 720 480 28
121 720 480 30
122 720 480 29
123 720 480 30
124 720 480 28
125 720 480 30
126 720 480 29
127 720 480 30
128 720 480 28
129 720 480 30
130 720 480 29
131 720 480 30
132 720 480 28
133 720 480 30
134 720 480 29
135 720 480 30
136 720 480 28
137 720 480 30
138 720 480 29
139 720 480 30
140 720 480 28
141 720 480 30
142 720 480 29
143 720 480 30
144 720 480 28
145 720 480 30
146 720 480 29
147 720 480 30
148 720 480 28
149 720 480 30
150 720 480 29
151 720 480 30
152 720 480 28
153 720 480 30
154 720 480 29
155 720 480 30
156 720 480 28
157 720 480 30
158 720 480 29
159 720 480 30
160 720 480 28
161 720 480 30
162 720 480 29
163 720 480 30
164 720 480 28
165 720 480 30
166 720 480 29
167 720 480 30
168 720 480 28
169 720 480 30
170 720 480 29
171 720 480 30
172 720 480 28
173 720 480 30
174 720 480 29
175 720 480 30
176 720 480 28
177 720 480 30
178 720 480 29
179 720 480 30
180 720 480 28
181 720 480 30
182 720 480 29
183 720 480 30
184 720 480 28
185 720 480 30
186 720 480 29
187 720 480 30
188 720 480 28
189 720 480 30
190 720 480 29
191 720 480 30
192 720 480 28
193 720 480 30
194 720 480 29
195 720 480 30
196 720 480 28
197 720 480 30
198 720 480 29
199 720 480 30
200 720 480 28
201 720 480 30
202 720 480 29
203 720 480 30
204 720 480 28
205 720 480 30
206 720 480 29
207 720 480 30
208 720 480 28
209 720 480 30
210 720 480 29
211 720 480 30
212 720 480 28
213 720 480 30
214 720 480 29
215 720 480 30
216 720 480 28
217 720 480 30
218 720 480 29
219 720 480 30
220 720 480 28
221 720 480 30
222 720 480 29
223 720 480 30
224 720 480 28
225 720 480 30
226 720 480 29
227 720 480 30
228 720 480 28
229 720 480 30
230 720 480 29
231 720 480 30
232 720 480 28
233 720 480 30
234 720 480 29
235 720 480 30
236 720 480 28
237 720 480 30
238 720 480 29
239 720 480 30
240 720 480 28
241 720 480 30
242 720 480 29
243 720 480 30
244 720 480 28
245 720 480 30
246 720 480 29
247 720 480 30
248 720 480 28
249 720 480 30
250 720 480 29
251 720 480 30
252 720 480 28
253 720 480 30
254 720 480 29
255 720 480 30
256 720 480 28
257 720 480 30
258 720 480 29
259 720 480 30
260 720 480 28
261 720 480 30
262 720 480 29
263 720 480 30
264 720 480 28
265 720 480 30
266 720 480 29
267 720 480 30
268 720 480 28
269 720 480 30
270 720 480 29
271 720 480 30
272 720 480 28
273 720 480 30
274 720 480 29
275 720 480 30
276 720 480 28
277 720 480 30
278 720 480 29
279 720 480 30
280 720 480 28
281 720 480 30
282 720 480 29
283 720 480 30
284 720 480 28
285 720 480 30
286 720 480 29
287 720 480 30
288 720 480 28
289 720 480 30
290 720 480 29
291 720 480 30
292 720 480 28
293 720 480 30
294 720 480 29
295 720 480 30
296 720 480 28
297 720 480 30
298 720 480 29
299 720 480 30
