0 704 576 27  ../YUVs/crew_4cif.yuv
1 704 576 30
2 704 576 29
3 704 576 30
4 704 576 28
5 704 576 30
6 704 576 29
7 704 576 30
8 704 576 28
9 704 576 30
10 704 576 29
11 704 576 30
12 704 576 28
13 704 576 30
14 704 576 29
15 704 576 30
16 704 576 28
17 704 576 30
18 704 576 29
19 704 576 30
20 704 576 28
21 704 576 30
22 704 576 29
23 704 576 30
24 704 576 28
25 704 576 30
26 704 576 29
27 704 576 30
28 704 576 28
29 704 576 30
30 704 576 29
31 704 576 30
32 704 576 28
33 704 576 30
34 704 576 29
35 704 576 30
36 704 576 28
37 704 576 30
38 704 576 29
39 704 576 30
40 704 576 28
41 704 576 30
42 704 576 29
43 704 576 30
44 704 576 28
45 704 576 30
46 704 576 29
47 704 576 30
48 704 576 28
49 704 576 30
50 704 576 29
51 704 576 30
52 704 576 28
53 704 576 30
54 704 576 29
55 704 576 30
56 704 576 28
57 704 576 30
58 704 576 29
59 704 576 30
60 704 576 28
61 704 576 30
62 704 576 29
63 704 576 30
64 704 576 28
65 704 576 30
66 704 576 29
67 704 576 30
68 704 576 28
69 704 576 30
70 704 576 29
71 704 576 30
72 704 576 28
73 704 576 30
74 704 576 29
75 704 576 30
76 704 576 28
77 704 576 30
78 704 576 29
79 704 576 30
80 704 576 28
81 704 576 30
82 704 576 29
83 704 576 30
84 704 576 28
85 704 576 30
86 704 576 29
87 704 576 30
88 704 576 28
89 704 576 30
90 704 576 29
91 704 576 30
92 704 576 28
93 704 576 30
94 704 576 29
95 704 576 30
96 704 576 28
97 704 576 30
98 704 576 29
99 704 576 30
100 704 576 28
101 704 576 30
102 704 576 29
103 704 576 30
104 704 576 28
105 704 576 30
106 704 576 29
107 704 576 30
108 704 576 28
109 704 576 30
110 704 576 29
111 704 576 30
112 704 576 28
113 704 576 30
114 704 576 29
115 704 576 30
116 704 576 28
117 704 576 30
118 704 576 29
119 704 576 30
120 704 576 28
121 704 576 30
122 704 576 29
123 704 576 30
124 704 576 28
125 704 576 30
126 704 576 29
127 704 576 30
128 704 576 28
129 704 576 30
130 704 576 29
131 704 576 30
132 704 576 28
133 704 576 30
134 704 576 29
135 704 576 30
136 704 576 28
137 704 576 30
138 704 576 29
139 704 576 30
140 704 576 28
141 704 576 30
142 704 576 29
143 704 576 30
144 704 576 28
145 704 576 30
146 704 576 29
147 704 576 30
148 704 576 28
149 704 576 30
150 704 576 29
151 704 576 30
152 704 576 28
153 704 576 30
154 704 576 29
155 704 576 30
156 704 576 28
157 704 576 30
158 704 576 29
159 704 576 30
160 704 576 28
161 704 576 30
162 704 576 29
163 704 576 30
164 704 576 28
165 704 576 30
166 704 576 29
167 704 576 30
168 704 576 28
169 704 576 30
170 704 576 29
171 704 576 30
172 704 576 28
173 704 576 30
174 704 576 29
175 704 576 30
176 704 576 28
177 704 576 30
178 704 576 29
179 704 576 30
180 704 576 28
181 704 576 30
182 704 576 29
183 704 576 30
184 704 576 28
185 704 576 30
186 704 576 29
187 704 576 30
188 704 576 28
189 704 576 30
190 704 576 29
191 704 576 30
192 704 576 28
193 704 576 30
194 704 576 29
195 704 576 30
196 704 576 28
197 704 576 30
198 704 576 29
199 704 576 30
200 704 576 28
201 704 576 30
202 704 576 29
203 704 576 30
204 704 576 28
205 704 576 30
206 704 576 29
207 704 576 30
208 704 576 28
209 704 576 30
210 704 576 29
211 704 576 30
212 704 576 28
213 704 576 30
214 704 576 29
215 704 576 30
216 704 576 28
217 704 576 30
218 704 576 29
219 704 576 30
220 704 576 28
221 704 576 30
222 704 576 29
223 704 576 30
224 704 576 28
225 704 576 30
226 704 576 29
227 704 576 30
228 704 576 28
229 704 576 30
230 704 576 29
231 704 576 30
232 704 576 28
233 704 576 30
234 704 576 29
235 704 576 30
236 704 576 28
237 704 576 30
238 704 576 29
239 704 576 30
240 704 576 28
241 704 576 30
242 704 576 29
243 704 576 30
244 704 576 28
245 704 576 30
246 704 576 29
247 704 576 30
248 704 576 28
249 704 576 30
250 704 576 29
251 704 576 30
252 704 576 28
253 704 576 30
254 704 576 29
255 704 576 30
256 704 576 28
257 704 576 30
258 704 576 29
259 704 576 30
260 704 576 28
261 704 576 30
262 704 576 29
263 704 576 30
264 704 576 28
265 704 576 30
266 704 576 29
267 704 576 30
268 704 576 28
269 704 576 30
270 704 576 29
271 704 576 30
272 704 576 28
273 704 576 30
274 704 576 29
275 704 576 30
276 704 576 28
277 704 576 30
278 704 576 29
279 704 576 30
280 704 576 28
281 704 576 30
282 704 576 29
283 704 576 30
284 704 576 28
285 704 576 30
286 704 576 29
287 704 576 30
288 704 576 28
289 704 576 30
290 704 576 29
291 704 576 30
292 704 576 28
293 704 576 30
294 704 576 29
295 704 576 30
296 704 576 28
297 704 576 30
298 704 576 29
299 704 576 30
300 704 576 28
301 704 576 30
302 704 576 29
303 704 576 30
304 704 576 28
305 704 576 30
306 704 576 29
307 704 576 30
308 704 576 28
309 704 576 30
310 704 576 29
311 704 576 30
312 704 576 28
313 704 576 30
314 704 576 29
315 704 576 30
316 704 576 28
317 704 576 30
318 704 576 29
319 704 576 30
320 704 576 28
321 704 576 30
322 704 576 29
323 704 576 30
324 704 576 28
325 704 576 30
326 704 576 29
327 704 576 30
328 704 576 28
329 704 576 30
330 704 576 29
331 704 576 30
332 704 576 28
333 704 576 30
334 704 576 29
335 704 576 30
336 704 576 28
337 704 576 30
338 704 576 29
339 704 576 30
340 704 576 28
341 704 576 30
342 704 576 29
343 704 576 30
344 704 576 28
345 704 576 30
346 704 576 29
347 704 576 30
348 704 576 28
349 704 576 30
350 704 576 29
351 704 576 30
352 704 576 28
353 704 576 30
354 704 576 29
355 704 576 30
356 704 576 28
357 704 576 30
358 704 576 29
359 704 576 30
360 704 576 28
361 704 576 30
362 704 576 29
363 704 576 30
364 704 576 28
365 704 576 30
366 704 576 29
367 704 576 30
368 704 576 28
369 704 576 30
370 704 576 29
371 704 576 30
372 704 576 28
373 704 576 30
374 704 576 29
375 704 576 30
376 704 576 28
377 704 576 30
378 704 576 29
379 704 576 30
380 704 576 28
381 704 576 30
382 704 576 29
383 704 576 30
384 704 576 28
385 704 576 30
386 704 576 29
387 704 576 30
388 704 576 28
389 704 576 30
390 704 576 29
391 704 576 30
392 704 576 28
393 704 576 30
394 704 576 29
395 704 576 30
396 704 576 28
397 704 576 30
398 704 576 29
399 704 576 30
400 704 576 28
401 704 576 30
402 704 576 29
403 704 576 30
404 704 576 28
405 704 576 30
406 704 576 29
407 704 576 30
408 704 576 28
409 704 576 30
410 704 576 29
411 704 576 30
412 704 576 28
413 704 576 30
414 704 576 29
415 704 576 30
416 704 576 28
417 704 576 30
418 704 576 29
419 704 576 30
420 704 576 28
421 704 576 30
422 704 576 29
423 704 576 30
424 704 576 28
425 704 576 30
426 704 576 29
427 704 576 30
428 704 576 28
429 704 576 30
430 704 576 29
431 704 576 30
432 704 576 28
433 704 576 30
434 704 576 29
435 704 576 30
436 704 576 28
437 704 576 30
438 704 576 29
439 704 576 30
440 704 576 28
441 704 576 30
442 704 576 29
443 704 576 30
444 704 576 28
445 704 576 30
446 704 576 29
447 704 576 30
448 704 576 28
449 704 576 30
450 704 576 29
451 704 576 30
452 704 576 28
453 704 576 30
454 704 576 29
455 704 576 30
456 704 576 28
457 704 576 30
458 704 576 29
459 704 576 30
460 704 576 28
461 704 576 30
462 704 576 29
463 704 576 30
464 704 576 28
465 704 576 30
466 704 576 29
467 704 576 30
468 704 576 28
469 704 576 30
470 704 576 29
471 704 576 30
472 704 576 28
473 704 576 30
474 704 576 29
475 704 576 30
476 704 576 28
477 704 576 30
478 704 576 29
479 704 576 30
480 704 576 28
481 704 576 30
482 704 576 29
483 704 576 30
484 704 576 28
485 704 576 30
486 704 576 29
487 704 576 30
488 704 576 28
489 704 576 30
490 704 576 29
491 704 576 30
492 704 576 28
493 704 576 30
494 704 576 29
495 704 576 30
496 704 576 28
497 704 576 30
498 704 576 29
499 704 576 30
500 704 576 28
501 704 576 30
502 704 576 29
503 704 576 30
504 704 576 28
505 704 576 30
506 704 576 29
507 704 576 30
508 704 576 28
509 704 576 30
510 704 576 29
511 704 576 30
512 704 576 28
513 704 576 30
514 704 576 29
515 704 576 30
516 704 576 28
517 704 576 30
518 704 576 29
519 704 576 30
520 704 576 28
521 704 576 30
522 704 576 29
523 704 576 30
524 704 576 28
525 704 576 30
526 704 576 29
527 704 576 30
528 704 576 28
529 704 576 30
530 704 576 29
531 704 576 30
532 704 576 28
533 704 576 30
534 704 576 29
535 704 576 30
536 704 576 28
537 704 576 30
538 704 576 29
539 704 576 30
540 704 576 28
541 704 576 30
542 704 576 29
543 704 576 30
544 704 576 28
545 704 576 30
546 704 576 29
547 704 576 30
548 704 576 28
549 704 576 30
550 704 576 29
551 704 576 30
552 704 576 28
553 704 576 30
554 704 576 29
555 704 576 30
556 704 576 28
557 704 576 30
558 704 576 29
559 704 576 30
560 704 576 28
561 704 576 30
562 704 576 29
563 704 576 30
564 704 576 28
565 704 576 30
566 704 576 29
567 704 576 30
568 704 576 28
569 704 576 30
570 704 576 29
571 704 576 30
572 704 576 28
573 704 576 30
574 704 576 29
575 704 576 30
576 704 576 28
577 704 576 30
578 704 576 29
579 704 576 30
580 704 576 28
581 704 576 30
582 704 576 29
583 704 576 30
584 704 576 28
585 704 576 30
586 704 576 29
587 704 576 30
588 704 576 28
589 704 576 30
590 704 576 29
591 704 576 30
592 704 576 28
593 704 576 30
594 704 576 29
595 704 576 30
596 704 576 28
597 704 576 30
598 704 576 29
599 704 576 30
