0 2048 1080 32  ../YUVs/Netflix_TunnelFlag_2048x1080_60fps_420.yuv
1 2048 1080 35
2 2048 1080 34
3 2048 1080 35
4 2048 1080 33
5 2048 1080 35
6 2048 1080 34
7 2048 1080 35
8 2048 1080 33
9 2048 1080 35
10 2048 1080 34
11 2048 1080 35
12 2048 1080 33
13 2048 1080 35
14 2048 1080 34
15 2048 1080 35
16 2048 1080 33
17 2048 1080 35
18 2048 1080 34
19 2048 1080 35
20 2048 1080 33
21 2048 1080 35
22 2048 1080 34
23 2048 1080 35
24 2048 1080 33
25 2048 1080 35
26 2048 1080 34
27 2048 1080 35
28 2048 1080 33
29 2048 1080 35
30 2048 1080 34
31 2048 1080 35
32 2048 1080 33
33 2048 1080 35
34 2048 1080 34
35 2048 1080 35
36 2048 1080 33
37 2048 1080 35
38 2048 1080 34
39 2048 1080 35
40 2048 1080 33
41 2048 1080 35
42 2048 1080 34
43 2048 1080 35
44 2048 1080 33
45 2048 1080 35
46 2048 1080 34
47 2048 1080 35
48 2048 1080 33
49 2048 1080 35
50 2048 1080 34
51 2048 1080 35
52 2048 1080 33
53 2048 1080 35
54 2048 1080 34
55 2048 1080 35
56 2048 1080 33
57 2048 1080 35
58 2048 1080 34
59 2048 1080 35
60 2048 1080 33
61 2048 1080 35
62 2048 1080 34
63 2048 1080 35
64 2048 1080 33
65 2048 1080 35
66 2048 1080 34
67 2048 1080 35
68 2048 1080 33
69 2048 1080 35
70 2048 1080 34
71 2048 1080 35
72 2048 1080 33
73 2048 1080 35
74 2048 1080 34
75 2048 1080 35
76 2048 1080 33
77 2048 1080 35
78 2048 1080 34
79 2048 1080 35
80 2048 1080 33
81 2048 1080 35
82 2048 1080 34
83 2048 1080 35
84 2048 1080 33
85 2048 1080 35
86 2048 1080 34
87 2048 1080 35
88 2048 1080 33
89 2048 1080 35
90 2048 1080 34
91 2048 1080 35
92 2048 1080 33
93 2048 1080 35
94 2048 1080 34
95 2048 1080 35
96 2048 1080 33
97 2048 1080 35
98 2048 1080 34
99 2048 1080 35
100 2048 1080 33
101 2048 1080 35
102 2048 1080 34
103 2048 1080 35
104 2048 1080 33
105 2048 1080 35
106 2048 1080 34
107 2048 1080 35
108 2048 1080 33
109 2048 1080 35
110 2048 1080 34
111 2048 1080 35
112 2048 1080 33
113 2048 1080 35
114 2048 1080 34
115 2048 1080 35
116 2048 1080 33
117 2048 1080 35
118 2048 1080 34
119 2048 1080 35
120 2048 1080 33
121 2048 1080 35
122 2048 1080 34
123 2048 1080 35
124 2048 1080 33
125 2048 1080 35
126 2048 1080 34
127 2048 1080 35
128 2048 1080 33
129 2048 1080 35
130 2048 1080 34
131 2048 1080 35
132 2048 1080 33
133 2048 1080 35
134 2048 1080 34
135 2048 1080 35
136 2048 1080 33
137 2048 1080 35
138 2048 1080 34
139 2048 1080 35
140 2048 1080 33
141 2048 1080 35
142 2048 1080 34
143 2048 1080 35
144 2048 1080 33
145 2048 1080 35
146 2048 1080 34
147 2048 1080 35
148 2048 1080 33
149 2048 1080 35
150 2048 1080 34
151 2048 1080 35
152 2048 1080 33
153 2048 1080 35
154 2048 1080 34
155 2048 1080 35
156 2048 1080 33
157 2048 1080 35
158 2048 1080 34
159 2048 1080 35
160 2048 1080 33
161 2048 1080 35
162 2048 1080 34
163 2048 1080 35
164 2048 1080 33
165 2048 1080 35
166 2048 1080 34
167 2048 1080 35
168 2048 1080 33
169 2048 1080 35
170 2048 1080 34
171 2048 1080 35
172 2048 1080 33
173 2048 1080 35
174 2048 1080 34
175 2048 1080 35
176 2048 1080 33
177 2048 1080 35
178 2048 1080 34
179 2048 1080 35
180 2048 1080 33
181 2048 1080 35
182 2048 1080 34
183 2048 1080 35
184 2048 1080 33
185 2048 1080 35
186 2048 1080 34
187 2048 1080 35
188 2048 1080 33
189 2048 1080 35
190 2048 1080 34
191 2048 1080 35
192 2048 1080 33
193 2048 1080 35
194 2048 1080 34
195 2048 1080 35
196 2048 1080 33
197 2048 1080 35
198 2048 1080 34
199 2048 1080 35
200 2048 1080 33
201 2048 1080 35
202 2048 1080 34
203 2048 1080 35
204 2048 1080 33
205 2048 1080 35
206 2048 1080 34
207 2048 1080 35
208 2048 1080 33
209 2048 1080 35
210 2048 1080 34
211 2048 1080 35
212 2048 1080 33
213 2048 1080 35
214 2048 1080 34
215 2048 1080 35
216 2048 1080 33
217 2048 1080 35
218 2048 1080 34
219 2048 1080 35
220 2048 1080 33
221 2048 1080 35
222 2048 1080 34
223 2048 1080 35
224 2048 1080 33
225 2048 1080 35
226 2048 1080 34
227 2048 1080 35
228 2048 1080 33
229 2048 1080 35
230 2048 1080 34
231 2048 1080 35
232 2048 1080 33
233 2048 1080 35
234 2048 1080 34
235 2048 1080 35
236 2048 1080 33
237 2048 1080 35
238 2048 1080 34
239 2048 1080 35
240 2048 1080 33
241 2048 1080 35
242 2048 1080 34
243 2048 1080 35
244 2048 1080 33
245 2048 1080 35
246 2048 1080 34
247 2048 1080 35
248 2048 1080 33
249 2048 1080 35
250 2048 1080 34
251 2048 1080 35
252 2048 1080 33
253 2048 1080 35
254 2048 1080 34
255 2048 1080 35
256 2048 1080 33
257 2048 1080 35
258 2048 1080 34
259 2048 1080 35
260 2048 1080 33
261 2048 1080 35
262 2048 1080 34
263 2048 1080 35
264 2048 1080 33
265 2048 1080 35
266 2048 1080 34
267 2048 1080 35
268 2048 1080 33
269 2048 1080 35
270 2048 1080 34
271 2048 1080 35
272 2048 1080 33
273 2048 1080 35
274 2048 1080 34
275 2048 1080 35
276 2048 1080 33
277 2048 1080 35
278 2048 1080 34
279 2048 1080 35
280 2048 1080 33
281 2048 1080 35
282 2048 1080 34
283 2048 1080 35
284 2048 1080 33
285 2048 1080 35
286 2048 1080 34
287 2048 1080 35
288 2048 1080 33
289 2048 1080 35
290 2048 1080 34
291 2048 1080 35
292 2048 1080 33
293 2048 1080 35
294 2048 1080 34
295 2048 1080 35
296 2048 1080 33
297 2048 1080 35
298 2048 1080 34
299 2048 1080 35
300 2048 1080 33
301 2048 1080 35
302 2048 1080 34
303 2048 1080 35
304 2048 1080 33
305 2048 1080 35
306 2048 1080 34
307 2048 1080 35
308 2048 1080 33
309 2048 1080 35
310 2048 1080 34
311 2048 1080 35
312 2048 1080 33
313 2048 1080 35
314 2048 1080 34
315 2048 1080 35
316 2048 1080 33
317 2048 1080 35
318 2048 1080 34
319 2048 1080 35
320 2048 1080 33
321 2048 1080 35
322 2048 1080 34
323 2048 1080 35
324 2048 1080 33
325 2048 1080 35
326 2048 1080 34
327 2048 1080 35
328 2048 1080 33
329 2048 1080 35
330 2048 1080 34
331 2048 1080 35
332 2048 1080 33
333 2048 1080 35
334 2048 1080 34
335 2048 1080 35
336 2048 1080 33
337 2048 1080 35
338 2048 1080 34
339 2048 1080 35
340 2048 1080 33
341 2048 1080 35
342 2048 1080 34
343 2048 1080 35
344 2048 1080 33
345 2048 1080 35
346 2048 1080 34
347 2048 1080 35
348 2048 1080 33
349 2048 1080 35
350 2048 1080 34
351 2048 1080 35
352 2048 1080 33
353 2048 1080 35
354 2048 1080 34
355 2048 1080 35
356 2048 1080 33
357 2048 1080 35
358 2048 1080 34
359 2048 1080 35
360 2048 1080 33
361 2048 1080 35
362 2048 1080 34
363 2048 1080 35
364 2048 1080 33
365 2048 1080 35
366 2048 1080 34
367 2048 1080 35
368 2048 1080 33
369 2048 1080 35
370 2048 1080 34
371 2048 1080 35
372 2048 1080 33
373 2048 1080 35
374 2048 1080 34
375 2048 1080 35
376 2048 1080 33
377 2048 1080 35
378 2048 1080 34
379 2048 1080 35
380 2048 1080 33
381 2048 1080 35
382 2048 1080 34
383 2048 1080 35
384 2048 1080 33
385 2048 1080 35
386 2048 1080 34
387 2048 1080 35
388 2048 1080 33
389 2048 1080 35
390 2048 1080 34
391 2048 1080 35
392 2048 1080 33
393 2048 1080 35
394 2048 1080 34
395 2048 1080 35
396 2048 1080 33
397 2048 1080 35
398 2048 1080 34
399 2048 1080 35
400 2048 1080 33
401 2048 1080 35
402 2048 1080 34
403 2048 1080 35
404 2048 1080 33
405 2048 1080 35
406 2048 1080 34
407 2048 1080 35
408 2048 1080 33
409 2048 1080 35
410 2048 1080 34
411 2048 1080 35
412 2048 1080 33
413 2048 1080 35
414 2048 1080 34
415 2048 1080 35
416 2048 1080 33
417 2048 1080 35
418 2048 1080 34
419 2048 1080 35
420 2048 1080 33
421 2048 1080 35
422 2048 1080 34
423 2048 1080 35
424 2048 1080 33
425 2048 1080 35
426 2048 1080 34
427 2048 1080 35
428 2048 1080 33
429 2048 1080 35
430 2048 1080 34
431 2048 1080 35
432 2048 1080 33
433 2048 1080 35
434 2048 1080 34
435 2048 1080 35
436 2048 1080 33
437 2048 1080 35
438 2048 1080 34
439 2048 1080 35
440 2048 1080 33
441 2048 1080 35
442 2048 1080 34
443 2048 1080 35
444 2048 1080 33
445 2048 1080 35
446 2048 1080 34
447 2048 1080 35
448 2048 1080 33
449 2048 1080 35
450 2048 1080 34
451 2048 1080 35
452 2048 1080 33
453 2048 1080 35
454 2048 1080 34
455 2048 1080 35
456 2048 1080 33
457 2048 1080 35
458 2048 1080 34
459 2048 1080 35
460 2048 1080 33
461 2048 1080 35
462 2048 1080 34
463 2048 1080 35
464 2048 1080 33
465 2048 1080 35
466 2048 1080 34
467 2048 1080 35
468 2048 1080 33
469 2048 1080 35
470 2048 1080 34
471 2048 1080 35
472 2048 1080 33
473 2048 1080 35
474 2048 1080 34
475 2048 1080 35
476 2048 1080 33
477 2048 1080 35
478 2048 1080 34
479 2048 1080 35
480 2048 1080 33
481 2048 1080 35
482 2048 1080 34
483 2048 1080 35
484 2048 1080 33
485 2048 1080 35
486 2048 1080 34
487 2048 1080 35
488 2048 1080 33
489 2048 1080 35
490 2048 1080 34
491 2048 1080 35
492 2048 1080 33
493 2048 1080 35
494 2048 1080 34
495 2048 1080 35
496 2048 1080 33
497 2048 1080 35
498 2048 1080 34
499 2048 1080 35
500 2048 1080 33
501 2048 1080 35
502 2048 1080 34
503 2048 1080 35
504 2048 1080 33
505 2048 1080 35
506 2048 1080 34
507 2048 1080 35
508 2048 1080 33
509 2048 1080 35
510 2048 1080 34
511 2048 1080 35
512 2048 1080 33
513 2048 1080 35
514 2048 1080 34
515 2048 1080 35
516 2048 1080 33
517 2048 1080 35
518 2048 1080 34
519 2048 1080 35
520 2048 1080 33
521 2048 1080 35
522 2048 1080 34
523 2048 1080 35
524 2048 1080 33
525 2048 1080 35
526 2048 1080 34
527 2048 1080 35
528 2048 1080 33
529 2048 1080 35
530 2048 1080 34
531 2048 1080 35
532 2048 1080 33
533 2048 1080 35
534 2048 1080 34
535 2048 1080 35
536 2048 1080 33
537 2048 1080 35
538 2048 1080 34
539 2048 1080 35
540 2048 1080 33
541 2048 1080 35
542 2048 1080 34
543 2048 1080 35
544 2048 1080 33
545 2048 1080 35
546 2048 1080 34
547 2048 1080 35
548 2048 1080 33
549 2048 1080 35
550 2048 1080 34
551 2048 1080 35
552 2048 1080 33
553 2048 1080 35
554 2048 1080 34
555 2048 1080 35
556 2048 1080 33
557 2048 1080 35
558 2048 1080 34
559 2048 1080 35
560 2048 1080 33
561 2048 1080 35
562 2048 1080 34
563 2048 1080 35
564 2048 1080 33
565 2048 1080 35
566 2048 1080 34
567 2048 1080 35
568 2048 1080 33
569 2048 1080 35
570 2048 1080 34
571 2048 1080 35
572 2048 1080 33
573 2048 1080 35
574 2048 1080 34
575 2048 1080 35
576 2048 1080 33
577 2048 1080 35
578 2048 1080 34
579 2048 1080 35
580 2048 1080 33
581 2048 1080 35
582 2048 1080 34
583 2048 1080 35
584 2048 1080 33
585 2048 1080 35
586 2048 1080 34
587 2048 1080 35
588 2048 1080 33
589 2048 1080 35
590 2048 1080 34
591 2048 1080 35
592 2048 1080 33
593 2048 1080 35
594 2048 1080 34
595 2048 1080 35
596 2048 1080 33
597 2048 1080 35
598 2048 1080 34
599 2048 1080 35
