0 2048 1080 27  ../YUVs/Netflix_BoxingPractice_2048x1080_60fps_420.yuv
1 2048 1080 30
2 2048 1080 29
3 2048 1080 30
4 2048 1080 28
5 2048 1080 30
6 2048 1080 29
7 2048 1080 30
8 2048 1080 28
9 2048 1080 30
10 2048 1080 29
11 2048 1080 30
12 2048 1080 28
13 2048 1080 30
14 2048 1080 29
15 2048 1080 30
16 2048 1080 28
17 2048 1080 30
18 2048 1080 29
19 2048 1080 30
20 2048 1080 28
21 2048 1080 30
22 2048 1080 29
23 2048 1080 30
24 2048 1080 28
25 2048 1080 30
26 2048 1080 29
27 2048 1080 30
28 2048 1080 28
29 2048 1080 30
30 2048 1080 29
31 2048 1080 30
32 2048 1080 28
33 2048 1080 30
34 2048 1080 29
35 2048 1080 30
36 2048 1080 28
37 2048 1080 30
38 2048 1080 29
39 2048 1080 30
40 2048 1080 28
41 2048 1080 30
42 2048 1080 29
43 2048 1080 30
44 2048 1080 28
45 2048 1080 30
46 2048 1080 29
47 2048 1080 30
48 2048 1080 28
49 2048 1080 30
50 2048 1080 29
51 2048 1080 30
52 2048 1080 28
53 2048 1080 30
54 2048 1080 29
55 2048 1080 30
56 2048 1080 28
57 2048 1080 30
58 2048 1080 29
59 2048 1080 30
60 2048 1080 28
61 2048 1080 30
62 2048 1080 29
63 2048 1080 30
64 2048 1080 28
65 2048 1080 30
66 2048 1080 29
67 2048 1080 30
68 2048 1080 28
69 2048 1080 30
70 2048 1080 29
71 2048 1080 30
72 2048 1080 28
73 2048 1080 30
74 2048 1080 29
75 2048 1080 30
76 2048 1080 28
77 2048 1080 30
78 2048 1080 29
79 2048 1080 30
80 2048 1080 28
81 2048 1080 30
82 2048 1080 29
83 2048 1080 30
84 2048 1080 28
85 2048 1080 30
86 2048 1080 29
87 2048 1080 30
88 2048 1080 28
89 2048 1080 30
90 2048 1080 29
91 2048 1080 30
92 2048 1080 28
93 2048 1080 30
94 2048 1080 29
95 2048 1080 30
96 2048 1080 28
97 2048 1080 30
98 2048 1080 29
99 2048 1080 30
100 2048 1080 28
101 2048 1080 30
102 2048 1080 29
103 2048 1080 30
104 2048 1080 28
105 2048 1080 30
106 2048 1080 29
107 2048 1080 30
108 2048 1080 28
109 2048 1080 30
110 2048 1080 29
111 2048 1080 30
112 2048 1080 28
113 2048 1080 30
114 2048 1080 29
115 2048 1080 30
116 2048 1080 28
117 2048 1080 30
118 2048 1080 29
119 2048 1080 30
120 2048 1080 28
121 2048 1080 30
122 2048 1080 29
123 2048 1080 30
124 2048 1080 28
125 2048 1080 30
126 2048 1080 29
127 2048 1080 30
128 2048 1080 28
129 2048 1080 30
130 2048 1080 29
131 2048 1080 30
132 2048 1080 28
133 2048 1080 30
134 2048 1080 29
135 2048 1080 30
136 2048 1080 28
137 2048 1080 30
138 2048 1080 29
139 2048 1080 30
140 2048 1080 28
141 2048 1080 30
142 2048 1080 29
143 2048 1080 30
144 2048 1080 28
145 2048 1080 30
146 2048 1080 29
147 2048 1080 30
148 2048 1080 28
149 2048 1080 30
150 2048 1080 29
151 2048 1080 30
152 2048 1080 28
153 2048 1080 30
154 2048 1080 29
155 2048 1080 30
156 2048 1080 28
157 2048 1080 30
158 2048 1080 29
159 2048 1080 30
160 2048 1080 28
161 2048 1080 30
162 2048 1080 29
163 2048 1080 30
164 2048 1080 28
165 2048 1080 30
166 2048 1080 29
167 2048 1080 30
168 2048 1080 28
169 2048 1080 30
170 2048 1080 29
171 2048 1080 30
172 2048 1080 28
173 2048 1080 30
174 2048 1080 29
175 2048 1080 30
176 2048 1080 28
177 2048 1080 30
178 2048 1080 29
179 2048 1080 30
180 2048 1080 28
181 2048 1080 30
182 2048 1080 29
183 2048 1080 30
184 2048 1080 28
185 2048 1080 30
186 2048 1080 29
187 2048 1080 30
188 2048 1080 28
189 2048 1080 30
190 2048 1080 29
191 2048 1080 30
192 2048 1080 28
193 2048 1080 30
194 2048 1080 29
195 2048 1080 30
196 2048 1080 28
197 2048 1080 30
198 2048 1080 29
199 2048 1080 30
200 2048 1080 28
201 2048 1080 30
202 2048 1080 29
203 2048 1080 30
204 2048 1080 28
205 2048 1080 30
206 2048 1080 29
207 2048 1080 30
208 2048 1080 28
209 2048 1080 30
210 2048 1080 29
211 2048 1080 30
212 2048 1080 28
213 2048 1080 30
214 2048 1080 29
215 2048 1080 30
216 2048 1080 28
217 2048 1080 30
218 2048 1080 29
219 2048 1080 30
220 2048 1080 28
221 2048 1080 30
222 2048 1080 29
223 2048 1080 30
224 2048 1080 28
225 2048 1080 30
226 2048 1080 29
227 2048 1080 30
228 2048 1080 28
229 2048 1080 30
230 2048 1080 29
231 2048 1080 30
232 2048 1080 28
233 2048 1080 30
234 2048 1080 29
235 2048 1080 30
236 2048 1080 28
237 2048 1080 30
238 2048 1080 29
239 2048 1080 30
240 2048 1080 28
241 2048 1080 30
242 2048 1080 29
243 2048 1080 30
244 2048 1080 28
245 2048 1080 30
246 2048 1080 29
247 2048 1080 30
248 2048 1080 28
249 2048 1080 30
250 2048 1080 29
251 2048 1080 30
252 2048 1080 28
253 2048 1080 30
