0 4928 3264 22  G:\YUVs\IntraTrain_4928x3264.yuv
1 4928 3264 22
2 4928 3264 22
3 4928 3264 22
4 4928 3264 22
5 4928 3264 22
6 4928 3264 22
7 4928 3264 22
8 4928 3264 22
9 4928 3264 22
10 4928 3264 22
11 4928 3264 22
12 4928 3264 22
13 4928 3264 22
14 4928 3264 22
15 4928 3264 22
16 4928 3264 22
17 4928 3264 22
18 4928 3264 22
19 4928 3264 22
20 4928 3264 22
21 4928 3264 22
22 4928 3264 22
23 4928 3264 22
24 4928 3264 22
25 4928 3264 22
26 4928 3264 22
27 4928 3264 22
28 4928 3264 22
29 4928 3264 22
30 4928 3264 22
31 4928 3264 22
32 4928 3264 22
33 4928 3264 22
34 4928 3264 22
35 4928 3264 22
36 4928 3264 22
37 4928 3264 22
38 4928 3264 22
39 4928 3264 22
40 4928 3264 22
41 4928 3264 22
42 4928 3264 22
43 4928 3264 22
44 4928 3264 22
45 4928 3264 22
46 4928 3264 22
47 4928 3264 22
48 4928 3264 22
49 4928 3264 22
50 4928 3264 22
51 4928 3264 22
52 4928 3264 22
53 4928 3264 22
54 4928 3264 22
55 4928 3264 22
56 4928 3264 22
57 4928 3264 22
58 4928 3264 22
59 4928 3264 22
60 4928 3264 22
61 4928 3264 22
62 4928 3264 22
63 4928 3264 22
64 4928 3264 22
65 4928 3264 22
66 4928 3264 22
67 4928 3264 22
68 4928 3264 22
69 4928 3264 22
70 4928 3264 22
71 4928 3264 22
72 4928 3264 22
73 4928 3264 22
74 4928 3264 22
75 4928 3264 22
76 4928 3264 22
77 4928 3264 22
78 4928 3264 22
79 4928 3264 22
80 4928 3264 22
81 4928 3264 22
82 4928 3264 22
83 4928 3264 22
84 4928 3264 22
85 4928 3264 22
86 4928 3264 22
87 4928 3264 22
88 4928 3264 22
89 4928 3264 22
90 4928 3264 22
91 4928 3264 22
92 4928 3264 22
93 4928 3264 22
94 4928 3264 22
95 4928 3264 22
96 4928 3264 22
97 4928 3264 22
98 4928 3264 22
99 4928 3264 22
100 4928 3264 22
101 4928 3264 22
102 4928 3264 22
103 4928 3264 22
104 4928 3264 22
105 4928 3264 22
106 4928 3264 22
107 4928 3264 22
108 4928 3264 22
109 4928 3264 22
110 4928 3264 22
111 4928 3264 22
112 4928 3264 22
113 4928 3264 22
114 4928 3264 22
115 4928 3264 22
116 4928 3264 22
117 4928 3264 22
118 4928 3264 22
119 4928 3264 22
120 4928 3264 22
121 4928 3264 22
122 4928 3264 22
123 4928 3264 22
124 4928 3264 22
125 4928 3264 22
126 4928 3264 22
127 4928 3264 22
128 4928 3264 22
129 4928 3264 22
130 4928 3264 22
131 4928 3264 22
132 4928 3264 22
133 4928 3264 22
134 4928 3264 22
135 4928 3264 22
136 4928 3264 22
137 4928 3264 22
138 4928 3264 22
139 4928 3264 22
140 4928 3264 22
141 4928 3264 22
142 4928 3264 22
143 4928 3264 22
144 4928 3264 22
145 4928 3264 22
146 4928 3264 22
147 4928 3264 22
148 4928 3264 22
149 4928 3264 22
150 4928 3264 22
151 4928 3264 22
152 4928 3264 22
153 4928 3264 22
154 4928 3264 22
155 4928 3264 22
156 4928 3264 22
157 4928 3264 22
158 4928 3264 22
159 4928 3264 22
160 4928 3264 22
161 4928 3264 22
162 4928 3264 22
163 4928 3264 22
164 4928 3264 22
165 4928 3264 22
166 4928 3264 22
167 4928 3264 22
168 4928 3264 22
169 4928 3264 22
170 4928 3264 22
171 4928 3264 22
172 4928 3264 22
173 4928 3264 22
174 4928 3264 22
175 4928 3264 22
176 4928 3264 22
177 4928 3264 22
178 4928 3264 22
179 4928 3264 22
180 4928 3264 22
181 4928 3264 22
182 4928 3264 22
183 4928 3264 22
184 4928 3264 22
185 4928 3264 22
186 4928 3264 22
187 4928 3264 22
188 4928 3264 22
189 4928 3264 22
190 4928 3264 22
191 4928 3264 22
192 4928 3264 22
193 4928 3264 22
194 4928 3264 22
195 4928 3264 22
196 4928 3264 22
197 4928 3264 22
198 4928 3264 22
199 4928 3264 22
200 4928 3264 22
201 4928 3264 22
202 4928 3264 22
203 4928 3264 22
204 4928 3264 22
205 4928 3264 22
206 4928 3264 22
207 4928 3264 22
208 4928 3264 22
209 4928 3264 22
210 4928 3264 22
211 4928 3264 22
212 4928 3264 22
213 4928 3264 22
214 4928 3264 22
215 4928 3264 22
216 4928 3264 22
217 4928 3264 22
218 4928 3264 22
219 4928 3264 22
220 4928 3264 22
221 4928 3264 22
222 4928 3264 22
223 4928 3264 22
224 4928 3264 22
225 4928 3264 22
226 4928 3264 22
227 4928 3264 22
228 4928 3264 22
229 4928 3264 22
230 4928 3264 22
231 4928 3264 22
232 4928 3264 22
233 4928 3264 22
234 4928 3264 22
235 4928 3264 22
236 4928 3264 22
237 4928 3264 22
238 4928 3264 22
239 4928 3264 22
240 4928 3264 22
241 4928 3264 22
242 4928 3264 22
243 4928 3264 22
244 4928 3264 22
245 4928 3264 22
246 4928 3264 22
247 4928 3264 22
248 4928 3264 22
249 4928 3264 22
250 4928 3264 22
251 4928 3264 22
252 4928 3264 22
253 4928 3264 22
254 4928 3264 22
255 4928 3264 22
256 4928 3264 22
257 4928 3264 22
258 4928 3264 22
259 4928 3264 22
260 4928 3264 22
261 4928 3264 22
262 4928 3264 22
263 4928 3264 22
264 4928 3264 22
265 4928 3264 22
266 4928 3264 22
267 4928 3264 22
268 4928 3264 22
269 4928 3264 22
270 4928 3264 22
271 4928 3264 22
272 4928 3264 22
273 4928 3264 22
274 4928 3264 22
275 4928 3264 22
276 4928 3264 22
277 4928 3264 22
278 4928 3264 22
279 4928 3264 22
280 4928 3264 22
281 4928 3264 22
282 4928 3264 22
283 4928 3264 22
284 4928 3264 22
285 4928 3264 22
286 4928 3264 22
287 4928 3264 22
288 4928 3264 22
289 4928 3264 22
290 4928 3264 22
291 4928 3264 22
292 4928 3264 22
293 4928 3264 22
294 4928 3264 22
295 4928 3264 22
296 4928 3264 22
297 4928 3264 22
298 4928 3264 22
299 4928 3264 22
300 4928 3264 22
301 4928 3264 22
302 4928 3264 22
303 4928 3264 22
304 4928 3264 22
305 4928 3264 22
306 4928 3264 22
307 4928 3264 22
308 4928 3264 22
309 4928 3264 22
310 4928 3264 22
311 4928 3264 22
312 4928 3264 22
313 4928 3264 22
314 4928 3264 22
315 4928 3264 22
316 4928 3264 22
317 4928 3264 22
318 4928 3264 22
319 4928 3264 22
320 4928 3264 22
321 4928 3264 22
322 4928 3264 22
323 4928 3264 22
324 4928 3264 22
325 4928 3264 22
326 4928 3264 22
327 4928 3264 22
328 4928 3264 22
329 4928 3264 22
330 4928 3264 22
331 4928 3264 22
332 4928 3264 22
333 4928 3264 22
334 4928 3264 22
335 4928 3264 22
336 4928 3264 22
337 4928 3264 22
338 4928 3264 22
339 4928 3264 22
340 4928 3264 22
341 4928 3264 22
342 4928 3264 22
343 4928 3264 22
344 4928 3264 22
345 4928 3264 22
346 4928 3264 22
347 4928 3264 22
348 4928 3264 22
349 4928 3264 22
350 4928 3264 22
351 4928 3264 22
352 4928 3264 22
353 4928 3264 22
354 4928 3264 22
355 4928 3264 22
356 4928 3264 22
357 4928 3264 22
358 4928 3264 22
359 4928 3264 22
360 4928 3264 22
361 4928 3264 22
362 4928 3264 22
363 4928 3264 22
364 4928 3264 22
365 4928 3264 22
366 4928 3264 22
367 4928 3264 22
368 4928 3264 22
369 4928 3264 22
370 4928 3264 22
371 4928 3264 22
372 4928 3264 22
373 4928 3264 22
374 4928 3264 22
375 4928 3264 22
376 4928 3264 22
377 4928 3264 22
378 4928 3264 22
379 4928 3264 22
380 4928 3264 22
381 4928 3264 22
382 4928 3264 22
383 4928 3264 22
384 4928 3264 22
385 4928 3264 22
386 4928 3264 22
387 4928 3264 22
388 4928 3264 22
389 4928 3264 22
390 4928 3264 22
391 4928 3264 22
392 4928 3264 22
393 4928 3264 22
394 4928 3264 22
395 4928 3264 22
396 4928 3264 22
397 4928 3264 22
398 4928 3264 22
399 4928 3264 22
400 4928 3264 22
401 4928 3264 22
402 4928 3264 22
403 4928 3264 22
404 4928 3264 22
405 4928 3264 22
406 4928 3264 22
407 4928 3264 22
408 4928 3264 22
409 4928 3264 22
410 4928 3264 22
411 4928 3264 22
412 4928 3264 22
413 4928 3264 22
414 4928 3264 22
415 4928 3264 22
416 4928 3264 22
417 4928 3264 22
418 4928 3264 22
419 4928 3264 22
420 4928 3264 22
421 4928 3264 22
422 4928 3264 22
423 4928 3264 22
424 4928 3264 22
