0 1536 1024 37  G:\YUVs\IntraTrain_1536x1024.yuv
1 1536 1024 37
2 1536 1024 37
3 1536 1024 37
4 1536 1024 37
5 1536 1024 37
6 1536 1024 37
7 1536 1024 37
8 1536 1024 37
9 1536 1024 37
10 1536 1024 37
11 1536 1024 37
12 1536 1024 37
13 1536 1024 37
14 1536 1024 37
15 1536 1024 37
16 1536 1024 37
17 1536 1024 37
18 1536 1024 37
19 1536 1024 37
20 1536 1024 37
21 1536 1024 37
22 1536 1024 37
23 1536 1024 37
24 1536 1024 37
25 1536 1024 37
26 1536 1024 37
27 1536 1024 37
28 1536 1024 37
29 1536 1024 37
30 1536 1024 37
31 1536 1024 37
32 1536 1024 37
33 1536 1024 37
34 1536 1024 37
35 1536 1024 37
36 1536 1024 37
37 1536 1024 37
38 1536 1024 37
39 1536 1024 37
40 1536 1024 37
41 1536 1024 37
42 1536 1024 37
43 1536 1024 37
44 1536 1024 37
45 1536 1024 37
46 1536 1024 37
47 1536 1024 37
48 1536 1024 37
49 1536 1024 37
50 1536 1024 37
51 1536 1024 37
52 1536 1024 37
53 1536 1024 37
54 1536 1024 37
55 1536 1024 37
56 1536 1024 37
57 1536 1024 37
58 1536 1024 37
59 1536 1024 37
60 1536 1024 37
61 1536 1024 37
62 1536 1024 37
63 1536 1024 37
64 1536 1024 37
65 1536 1024 37
66 1536 1024 37
67 1536 1024 37
68 1536 1024 37
69 1536 1024 37
70 1536 1024 37
71 1536 1024 37
72 1536 1024 37
73 1536 1024 37
74 1536 1024 37
75 1536 1024 37
76 1536 1024 37
77 1536 1024 37
78 1536 1024 37
79 1536 1024 37
80 1536 1024 37
81 1536 1024 37
82 1536 1024 37
83 1536 1024 37
84 1536 1024 37
85 1536 1024 37
86 1536 1024 37
87 1536 1024 37
88 1536 1024 37
89 1536 1024 37
90 1536 1024 37
91 1536 1024 37
92 1536 1024 37
93 1536 1024 37
94 1536 1024 37
95 1536 1024 37
96 1536 1024 37
97 1536 1024 37
98 1536 1024 37
99 1536 1024 37
100 1536 1024 37
101 1536 1024 37
102 1536 1024 37
103 1536 1024 37
104 1536 1024 37
105 1536 1024 37
106 1536 1024 37
107 1536 1024 37
108 1536 1024 37
109 1536 1024 37
110 1536 1024 37
111 1536 1024 37
112 1536 1024 37
113 1536 1024 37
114 1536 1024 37
115 1536 1024 37
116 1536 1024 37
117 1536 1024 37
118 1536 1024 37
119 1536 1024 37
120 1536 1024 37
121 1536 1024 37
122 1536 1024 37
123 1536 1024 37
124 1536 1024 37
125 1536 1024 37
126 1536 1024 37
127 1536 1024 37
128 1536 1024 37
129 1536 1024 37
130 1536 1024 37
131 1536 1024 37
132 1536 1024 37
133 1536 1024 37
134 1536 1024 37
135 1536 1024 37
136 1536 1024 37
137 1536 1024 37
138 1536 1024 37
139 1536 1024 37
140 1536 1024 37
141 1536 1024 37
142 1536 1024 37
143 1536 1024 37
144 1536 1024 37
145 1536 1024 37
146 1536 1024 37
147 1536 1024 37
148 1536 1024 37
149 1536 1024 37
150 1536 1024 37
151 1536 1024 37
152 1536 1024 37
153 1536 1024 37
154 1536 1024 37
155 1536 1024 37
156 1536 1024 37
157 1536 1024 37
158 1536 1024 37
159 1536 1024 37
160 1536 1024 37
161 1536 1024 37
162 1536 1024 37
163 1536 1024 37
164 1536 1024 37
165 1536 1024 37
166 1536 1024 37
167 1536 1024 37
168 1536 1024 37
169 1536 1024 37
170 1536 1024 37
171 1536 1024 37
172 1536 1024 37
173 1536 1024 37
174 1536 1024 37
175 1536 1024 37
176 1536 1024 37
177 1536 1024 37
178 1536 1024 37
179 1536 1024 37
180 1536 1024 37
181 1536 1024 37
182 1536 1024 37
183 1536 1024 37
184 1536 1024 37
185 1536 1024 37
186 1536 1024 37
187 1536 1024 37
188 1536 1024 37
189 1536 1024 37
190 1536 1024 37
191 1536 1024 37
192 1536 1024 37
193 1536 1024 37
194 1536 1024 37
195 1536 1024 37
196 1536 1024 37
197 1536 1024 37
198 1536 1024 37
199 1536 1024 37
200 1536 1024 37
201 1536 1024 37
202 1536 1024 37
203 1536 1024 37
204 1536 1024 37
205 1536 1024 37
206 1536 1024 37
207 1536 1024 37
208 1536 1024 37
209 1536 1024 37
210 1536 1024 37
211 1536 1024 37
212 1536 1024 37
213 1536 1024 37
214 1536 1024 37
215 1536 1024 37
216 1536 1024 37
217 1536 1024 37
218 1536 1024 37
219 1536 1024 37
220 1536 1024 37
221 1536 1024 37
222 1536 1024 37
223 1536 1024 37
224 1536 1024 37
225 1536 1024 37
226 1536 1024 37
227 1536 1024 37
228 1536 1024 37
229 1536 1024 37
230 1536 1024 37
231 1536 1024 37
232 1536 1024 37
233 1536 1024 37
234 1536 1024 37
235 1536 1024 37
236 1536 1024 37
237 1536 1024 37
238 1536 1024 37
239 1536 1024 37
240 1536 1024 37
241 1536 1024 37
242 1536 1024 37
243 1536 1024 37
244 1536 1024 37
245 1536 1024 37
246 1536 1024 37
247 1536 1024 37
248 1536 1024 37
249 1536 1024 37
250 1536 1024 37
251 1536 1024 37
252 1536 1024 37
253 1536 1024 37
254 1536 1024 37
255 1536 1024 37
256 1536 1024 37
257 1536 1024 37
258 1536 1024 37
259 1536 1024 37
260 1536 1024 37
261 1536 1024 37
262 1536 1024 37
263 1536 1024 37
264 1536 1024 37
265 1536 1024 37
266 1536 1024 37
267 1536 1024 37
268 1536 1024 37
269 1536 1024 37
270 1536 1024 37
271 1536 1024 37
272 1536 1024 37
273 1536 1024 37
274 1536 1024 37
275 1536 1024 37
276 1536 1024 37
277 1536 1024 37
278 1536 1024 37
279 1536 1024 37
280 1536 1024 37
281 1536 1024 37
282 1536 1024 37
283 1536 1024 37
284 1536 1024 37
285 1536 1024 37
286 1536 1024 37
287 1536 1024 37
288 1536 1024 37
289 1536 1024 37
290 1536 1024 37
291 1536 1024 37
292 1536 1024 37
293 1536 1024 37
294 1536 1024 37
295 1536 1024 37
296 1536 1024 37
297 1536 1024 37
298 1536 1024 37
299 1536 1024 37
300 1536 1024 37
301 1536 1024 37
302 1536 1024 37
303 1536 1024 37
304 1536 1024 37
305 1536 1024 37
306 1536 1024 37
307 1536 1024 37
308 1536 1024 37
309 1536 1024 37
310 1536 1024 37
311 1536 1024 37
312 1536 1024 37
313 1536 1024 37
314 1536 1024 37
315 1536 1024 37
316 1536 1024 37
317 1536 1024 37
318 1536 1024 37
319 1536 1024 37
320 1536 1024 37
321 1536 1024 37
322 1536 1024 37
323 1536 1024 37
324 1536 1024 37
325 1536 1024 37
326 1536 1024 37
327 1536 1024 37
328 1536 1024 37
329 1536 1024 37
330 1536 1024 37
331 1536 1024 37
332 1536 1024 37
333 1536 1024 37
334 1536 1024 37
335 1536 1024 37
336 1536 1024 37
337 1536 1024 37
338 1536 1024 37
339 1536 1024 37
340 1536 1024 37
341 1536 1024 37
342 1536 1024 37
343 1536 1024 37
344 1536 1024 37
345 1536 1024 37
346 1536 1024 37
347 1536 1024 37
348 1536 1024 37
349 1536 1024 37
350 1536 1024 37
351 1536 1024 37
352 1536 1024 37
353 1536 1024 37
354 1536 1024 37
355 1536 1024 37
356 1536 1024 37
357 1536 1024 37
358 1536 1024 37
359 1536 1024 37
360 1536 1024 37
361 1536 1024 37
362 1536 1024 37
363 1536 1024 37
364 1536 1024 37
365 1536 1024 37
366 1536 1024 37
367 1536 1024 37
368 1536 1024 37
369 1536 1024 37
370 1536 1024 37
371 1536 1024 37
372 1536 1024 37
373 1536 1024 37
374 1536 1024 37
375 1536 1024 37
376 1536 1024 37
377 1536 1024 37
378 1536 1024 37
379 1536 1024 37
380 1536 1024 37
381 1536 1024 37
382 1536 1024 37
383 1536 1024 37
384 1536 1024 37
385 1536 1024 37
386 1536 1024 37
387 1536 1024 37
388 1536 1024 37
389 1536 1024 37
390 1536 1024 37
391 1536 1024 37
392 1536 1024 37
393 1536 1024 37
394 1536 1024 37
395 1536 1024 37
396 1536 1024 37
397 1536 1024 37
398 1536 1024 37
399 1536 1024 37
400 1536 1024 37
401 1536 1024 37
402 1536 1024 37
403 1536 1024 37
404 1536 1024 37
405 1536 1024 37
406 1536 1024 37
407 1536 1024 37
408 1536 1024 37
409 1536 1024 37
410 1536 1024 37
411 1536 1024 37
412 1536 1024 37
413 1536 1024 37
414 1536 1024 37
415 1536 1024 37
416 1536 1024 37
417 1536 1024 37
418 1536 1024 37
419 1536 1024 37
420 1536 1024 37
421 1536 1024 37
422 1536 1024 37
423 1536 1024 37
424 1536 1024 37
