0 1536 1024 22  G:\YUVs\IntraTrain_1536x1024.yuv
1 1536 1024 22
2 1536 1024 22
3 1536 1024 22
4 1536 1024 22
5 1536 1024 22
6 1536 1024 22
7 1536 1024 22
8 1536 1024 22
9 1536 1024 22
10 1536 1024 22
11 1536 1024 22
12 1536 1024 22
13 1536 1024 22
14 1536 1024 22
15 1536 1024 22
16 1536 1024 22
17 1536 1024 22
18 1536 1024 22
19 1536 1024 22
20 1536 1024 22
21 1536 1024 22
22 1536 1024 22
23 1536 1024 22
24 1536 1024 22
25 1536 1024 22
26 1536 1024 22
27 1536 1024 22
28 1536 1024 22
29 1536 1024 22
30 1536 1024 22
31 1536 1024 22
32 1536 1024 22
33 1536 1024 22
34 1536 1024 22
35 1536 1024 22
36 1536 1024 22
37 1536 1024 22
38 1536 1024 22
39 1536 1024 22
40 1536 1024 22
41 1536 1024 22
42 1536 1024 22
43 1536 1024 22
44 1536 1024 22
45 1536 1024 22
46 1536 1024 22
47 1536 1024 22
48 1536 1024 22
49 1536 1024 22
50 1536 1024 22
51 1536 1024 22
52 1536 1024 22
53 1536 1024 22
54 1536 1024 22
55 1536 1024 22
56 1536 1024 22
57 1536 1024 22
58 1536 1024 22
59 1536 1024 22
60 1536 1024 22
61 1536 1024 22
62 1536 1024 22
63 1536 1024 22
64 1536 1024 22
65 1536 1024 22
66 1536 1024 22
67 1536 1024 22
68 1536 1024 22
69 1536 1024 22
70 1536 1024 22
71 1536 1024 22
72 1536 1024 22
73 1536 1024 22
74 1536 1024 22
75 1536 1024 22
76 1536 1024 22
77 1536 1024 22
78 1536 1024 22
79 1536 1024 22
80 1536 1024 22
81 1536 1024 22
82 1536 1024 22
83 1536 1024 22
84 1536 1024 22
85 1536 1024 22
86 1536 1024 22
87 1536 1024 22
88 1536 1024 22
89 1536 1024 22
90 1536 1024 22
91 1536 1024 22
92 1536 1024 22
93 1536 1024 22
94 1536 1024 22
95 1536 1024 22
96 1536 1024 22
97 1536 1024 22
98 1536 1024 22
99 1536 1024 22
100 1536 1024 22
101 1536 1024 22
102 1536 1024 22
103 1536 1024 22
104 1536 1024 22
105 1536 1024 22
106 1536 1024 22
107 1536 1024 22
108 1536 1024 22
109 1536 1024 22
110 1536 1024 22
111 1536 1024 22
112 1536 1024 22
113 1536 1024 22
114 1536 1024 22
115 1536 1024 22
116 1536 1024 22
117 1536 1024 22
118 1536 1024 22
119 1536 1024 22
120 1536 1024 22
121 1536 1024 22
122 1536 1024 22
123 1536 1024 22
124 1536 1024 22
125 1536 1024 22
126 1536 1024 22
127 1536 1024 22
128 1536 1024 22
129 1536 1024 22
130 1536 1024 22
131 1536 1024 22
132 1536 1024 22
133 1536 1024 22
134 1536 1024 22
135 1536 1024 22
136 1536 1024 22
137 1536 1024 22
138 1536 1024 22
139 1536 1024 22
140 1536 1024 22
141 1536 1024 22
142 1536 1024 22
143 1536 1024 22
144 1536 1024 22
145 1536 1024 22
146 1536 1024 22
147 1536 1024 22
148 1536 1024 22
149 1536 1024 22
150 1536 1024 22
151 1536 1024 22
152 1536 1024 22
153 1536 1024 22
154 1536 1024 22
155 1536 1024 22
156 1536 1024 22
157 1536 1024 22
158 1536 1024 22
159 1536 1024 22
160 1536 1024 22
161 1536 1024 22
162 1536 1024 22
163 1536 1024 22
164 1536 1024 22
165 1536 1024 22
166 1536 1024 22
167 1536 1024 22
168 1536 1024 22
169 1536 1024 22
170 1536 1024 22
171 1536 1024 22
172 1536 1024 22
173 1536 1024 22
174 1536 1024 22
175 1536 1024 22
176 1536 1024 22
177 1536 1024 22
178 1536 1024 22
179 1536 1024 22
180 1536 1024 22
181 1536 1024 22
182 1536 1024 22
183 1536 1024 22
184 1536 1024 22
185 1536 1024 22
186 1536 1024 22
187 1536 1024 22
188 1536 1024 22
189 1536 1024 22
190 1536 1024 22
191 1536 1024 22
192 1536 1024 22
193 1536 1024 22
194 1536 1024 22
195 1536 1024 22
196 1536 1024 22
197 1536 1024 22
198 1536 1024 22
199 1536 1024 22
200 1536 1024 22
201 1536 1024 22
202 1536 1024 22
203 1536 1024 22
204 1536 1024 22
205 1536 1024 22
206 1536 1024 22
207 1536 1024 22
208 1536 1024 22
209 1536 1024 22
210 1536 1024 22
211 1536 1024 22
212 1536 1024 22
213 1536 1024 22
214 1536 1024 22
215 1536 1024 22
216 1536 1024 22
217 1536 1024 22
218 1536 1024 22
219 1536 1024 22
220 1536 1024 22
221 1536 1024 22
222 1536 1024 22
223 1536 1024 22
224 1536 1024 22
225 1536 1024 22
226 1536 1024 22
227 1536 1024 22
228 1536 1024 22
229 1536 1024 22
230 1536 1024 22
231 1536 1024 22
232 1536 1024 22
233 1536 1024 22
234 1536 1024 22
235 1536 1024 22
236 1536 1024 22
237 1536 1024 22
238 1536 1024 22
239 1536 1024 22
240 1536 1024 22
241 1536 1024 22
242 1536 1024 22
243 1536 1024 22
244 1536 1024 22
245 1536 1024 22
246 1536 1024 22
247 1536 1024 22
248 1536 1024 22
249 1536 1024 22
250 1536 1024 22
251 1536 1024 22
252 1536 1024 22
253 1536 1024 22
254 1536 1024 22
255 1536 1024 22
256 1536 1024 22
257 1536 1024 22
258 1536 1024 22
259 1536 1024 22
260 1536 1024 22
261 1536 1024 22
262 1536 1024 22
263 1536 1024 22
264 1536 1024 22
265 1536 1024 22
266 1536 1024 22
267 1536 1024 22
268 1536 1024 22
269 1536 1024 22
270 1536 1024 22
271 1536 1024 22
272 1536 1024 22
273 1536 1024 22
274 1536 1024 22
275 1536 1024 22
276 1536 1024 22
277 1536 1024 22
278 1536 1024 22
279 1536 1024 22
280 1536 1024 22
281 1536 1024 22
282 1536 1024 22
283 1536 1024 22
284 1536 1024 22
285 1536 1024 22
286 1536 1024 22
287 1536 1024 22
288 1536 1024 22
289 1536 1024 22
290 1536 1024 22
291 1536 1024 22
292 1536 1024 22
293 1536 1024 22
294 1536 1024 22
295 1536 1024 22
296 1536 1024 22
297 1536 1024 22
298 1536 1024 22
299 1536 1024 22
300 1536 1024 22
301 1536 1024 22
302 1536 1024 22
303 1536 1024 22
304 1536 1024 22
305 1536 1024 22
306 1536 1024 22
307 1536 1024 22
308 1536 1024 22
309 1536 1024 22
310 1536 1024 22
311 1536 1024 22
312 1536 1024 22
313 1536 1024 22
314 1536 1024 22
315 1536 1024 22
316 1536 1024 22
317 1536 1024 22
318 1536 1024 22
319 1536 1024 22
320 1536 1024 22
321 1536 1024 22
322 1536 1024 22
323 1536 1024 22
324 1536 1024 22
325 1536 1024 22
326 1536 1024 22
327 1536 1024 22
328 1536 1024 22
329 1536 1024 22
330 1536 1024 22
331 1536 1024 22
332 1536 1024 22
333 1536 1024 22
334 1536 1024 22
335 1536 1024 22
336 1536 1024 22
337 1536 1024 22
338 1536 1024 22
339 1536 1024 22
340 1536 1024 22
341 1536 1024 22
342 1536 1024 22
343 1536 1024 22
344 1536 1024 22
345 1536 1024 22
346 1536 1024 22
347 1536 1024 22
348 1536 1024 22
349 1536 1024 22
350 1536 1024 22
351 1536 1024 22
352 1536 1024 22
353 1536 1024 22
354 1536 1024 22
355 1536 1024 22
356 1536 1024 22
357 1536 1024 22
358 1536 1024 22
359 1536 1024 22
360 1536 1024 22
361 1536 1024 22
362 1536 1024 22
363 1536 1024 22
364 1536 1024 22
365 1536 1024 22
366 1536 1024 22
367 1536 1024 22
368 1536 1024 22
369 1536 1024 22
370 1536 1024 22
371 1536 1024 22
372 1536 1024 22
373 1536 1024 22
374 1536 1024 22
375 1536 1024 22
376 1536 1024 22
377 1536 1024 22
378 1536 1024 22
379 1536 1024 22
380 1536 1024 22
381 1536 1024 22
382 1536 1024 22
383 1536 1024 22
384 1536 1024 22
385 1536 1024 22
386 1536 1024 22
387 1536 1024 22
388 1536 1024 22
389 1536 1024 22
390 1536 1024 22
391 1536 1024 22
392 1536 1024 22
393 1536 1024 22
394 1536 1024 22
395 1536 1024 22
396 1536 1024 22
397 1536 1024 22
398 1536 1024 22
399 1536 1024 22
400 1536 1024 22
401 1536 1024 22
402 1536 1024 22
403 1536 1024 22
404 1536 1024 22
405 1536 1024 22
406 1536 1024 22
407 1536 1024 22
408 1536 1024 22
409 1536 1024 22
410 1536 1024 22
411 1536 1024 22
412 1536 1024 22
413 1536 1024 22
414 1536 1024 22
415 1536 1024 22
416 1536 1024 22
417 1536 1024 22
418 1536 1024 22
419 1536 1024 22
420 1536 1024 22
421 1536 1024 22
422 1536 1024 22
423 1536 1024 22
424 1536 1024 22
