0 768 512 37  G:\YUVs\IntraTrain_768x512.yuv
1 768 512 37
2 768 512 37
3 768 512 37
4 768 512 37
5 768 512 37
6 768 512 37
7 768 512 37
8 768 512 37
9 768 512 37
10 768 512 37
11 768 512 37
12 768 512 37
13 768 512 37
14 768 512 37
15 768 512 37
16 768 512 37
17 768 512 37
18 768 512 37
19 768 512 37
20 768 512 37
21 768 512 37
22 768 512 37
23 768 512 37
24 768 512 37
25 768 512 37
26 768 512 37
27 768 512 37
28 768 512 37
29 768 512 37
30 768 512 37
31 768 512 37
32 768 512 37
33 768 512 37
34 768 512 37
35 768 512 37
36 768 512 37
37 768 512 37
38 768 512 37
39 768 512 37
40 768 512 37
41 768 512 37
42 768 512 37
43 768 512 37
44 768 512 37
45 768 512 37
46 768 512 37
47 768 512 37
48 768 512 37
49 768 512 37
50 768 512 37
51 768 512 37
52 768 512 37
53 768 512 37
54 768 512 37
55 768 512 37
56 768 512 37
57 768 512 37
58 768 512 37
59 768 512 37
60 768 512 37
61 768 512 37
62 768 512 37
63 768 512 37
64 768 512 37
65 768 512 37
66 768 512 37
67 768 512 37
68 768 512 37
69 768 512 37
70 768 512 37
71 768 512 37
72 768 512 37
73 768 512 37
74 768 512 37
75 768 512 37
76 768 512 37
77 768 512 37
78 768 512 37
79 768 512 37
80 768 512 37
81 768 512 37
82 768 512 37
83 768 512 37
84 768 512 37
85 768 512 37
86 768 512 37
87 768 512 37
88 768 512 37
89 768 512 37
90 768 512 37
91 768 512 37
92 768 512 37
93 768 512 37
94 768 512 37
95 768 512 37
96 768 512 37
97 768 512 37
98 768 512 37
99 768 512 37
100 768 512 37
101 768 512 37
102 768 512 37
103 768 512 37
104 768 512 37
105 768 512 37
106 768 512 37
107 768 512 37
108 768 512 37
109 768 512 37
110 768 512 37
111 768 512 37
112 768 512 37
113 768 512 37
114 768 512 37
115 768 512 37
116 768 512 37
117 768 512 37
118 768 512 37
119 768 512 37
120 768 512 37
121 768 512 37
122 768 512 37
123 768 512 37
124 768 512 37
125 768 512 37
126 768 512 37
127 768 512 37
128 768 512 37
129 768 512 37
130 768 512 37
131 768 512 37
132 768 512 37
133 768 512 37
134 768 512 37
135 768 512 37
136 768 512 37
137 768 512 37
138 768 512 37
139 768 512 37
140 768 512 37
141 768 512 37
142 768 512 37
143 768 512 37
144 768 512 37
145 768 512 37
146 768 512 37
147 768 512 37
148 768 512 37
149 768 512 37
150 768 512 37
151 768 512 37
152 768 512 37
153 768 512 37
154 768 512 37
155 768 512 37
156 768 512 37
157 768 512 37
158 768 512 37
159 768 512 37
160 768 512 37
161 768 512 37
162 768 512 37
163 768 512 37
164 768 512 37
165 768 512 37
166 768 512 37
167 768 512 37
168 768 512 37
169 768 512 37
170 768 512 37
171 768 512 37
172 768 512 37
173 768 512 37
174 768 512 37
175 768 512 37
176 768 512 37
177 768 512 37
178 768 512 37
179 768 512 37
180 768 512 37
181 768 512 37
182 768 512 37
183 768 512 37
184 768 512 37
185 768 512 37
186 768 512 37
187 768 512 37
188 768 512 37
189 768 512 37
190 768 512 37
191 768 512 37
192 768 512 37
193 768 512 37
194 768 512 37
195 768 512 37
196 768 512 37
197 768 512 37
198 768 512 37
199 768 512 37
200 768 512 37
201 768 512 37
202 768 512 37
203 768 512 37
204 768 512 37
205 768 512 37
206 768 512 37
207 768 512 37
208 768 512 37
209 768 512 37
210 768 512 37
211 768 512 37
212 768 512 37
213 768 512 37
214 768 512 37
215 768 512 37
216 768 512 37
217 768 512 37
218 768 512 37
219 768 512 37
220 768 512 37
221 768 512 37
222 768 512 37
223 768 512 37
224 768 512 37
225 768 512 37
226 768 512 37
227 768 512 37
228 768 512 37
229 768 512 37
230 768 512 37
231 768 512 37
232 768 512 37
233 768 512 37
234 768 512 37
235 768 512 37
236 768 512 37
237 768 512 37
238 768 512 37
239 768 512 37
240 768 512 37
241 768 512 37
242 768 512 37
243 768 512 37
244 768 512 37
245 768 512 37
246 768 512 37
247 768 512 37
248 768 512 37
249 768 512 37
250 768 512 37
251 768 512 37
252 768 512 37
253 768 512 37
254 768 512 37
255 768 512 37
256 768 512 37
257 768 512 37
258 768 512 37
259 768 512 37
260 768 512 37
261 768 512 37
262 768 512 37
263 768 512 37
264 768 512 37
265 768 512 37
266 768 512 37
267 768 512 37
268 768 512 37
269 768 512 37
270 768 512 37
271 768 512 37
272 768 512 37
273 768 512 37
274 768 512 37
275 768 512 37
276 768 512 37
277 768 512 37
278 768 512 37
279 768 512 37
280 768 512 37
281 768 512 37
282 768 512 37
283 768 512 37
284 768 512 37
285 768 512 37
286 768 512 37
287 768 512 37
288 768 512 37
289 768 512 37
290 768 512 37
291 768 512 37
292 768 512 37
293 768 512 37
294 768 512 37
295 768 512 37
296 768 512 37
297 768 512 37
298 768 512 37
299 768 512 37
300 768 512 37
301 768 512 37
302 768 512 37
303 768 512 37
304 768 512 37
305 768 512 37
306 768 512 37
307 768 512 37
308 768 512 37
309 768 512 37
310 768 512 37
311 768 512 37
312 768 512 37
313 768 512 37
314 768 512 37
315 768 512 37
316 768 512 37
317 768 512 37
318 768 512 37
319 768 512 37
320 768 512 37
321 768 512 37
322 768 512 37
323 768 512 37
324 768 512 37
325 768 512 37
326 768 512 37
327 768 512 37
328 768 512 37
329 768 512 37
330 768 512 37
331 768 512 37
332 768 512 37
333 768 512 37
334 768 512 37
335 768 512 37
336 768 512 37
337 768 512 37
338 768 512 37
339 768 512 37
340 768 512 37
341 768 512 37
342 768 512 37
343 768 512 37
344 768 512 37
345 768 512 37
346 768 512 37
347 768 512 37
348 768 512 37
349 768 512 37
350 768 512 37
351 768 512 37
352 768 512 37
353 768 512 37
354 768 512 37
355 768 512 37
356 768 512 37
357 768 512 37
358 768 512 37
359 768 512 37
360 768 512 37
361 768 512 37
362 768 512 37
363 768 512 37
364 768 512 37
365 768 512 37
366 768 512 37
367 768 512 37
368 768 512 37
369 768 512 37
370 768 512 37
371 768 512 37
372 768 512 37
373 768 512 37
374 768 512 37
375 768 512 37
376 768 512 37
377 768 512 37
378 768 512 37
379 768 512 37
380 768 512 37
381 768 512 37
382 768 512 37
383 768 512 37
384 768 512 37
385 768 512 37
386 768 512 37
387 768 512 37
388 768 512 37
389 768 512 37
390 768 512 37
391 768 512 37
392 768 512 37
393 768 512 37
394 768 512 37
395 768 512 37
396 768 512 37
397 768 512 37
398 768 512 37
399 768 512 37
400 768 512 37
401 768 512 37
402 768 512 37
403 768 512 37
404 768 512 37
405 768 512 37
406 768 512 37
407 768 512 37
408 768 512 37
409 768 512 37
410 768 512 37
411 768 512 37
412 768 512 37
413 768 512 37
414 768 512 37
415 768 512 37
416 768 512 37
417 768 512 37
418 768 512 37
419 768 512 37
420 768 512 37
421 768 512 37
422 768 512 37
423 768 512 37
424 768 512 37
