0 2880 1920 37  G:\YUVs\IntraTrain_2880x1920.yuv
1 2880 1920 37
2 2880 1920 37
3 2880 1920 37
4 2880 1920 37
5 2880 1920 37
6 2880 1920 37
7 2880 1920 37
8 2880 1920 37
9 2880 1920 37
10 2880 1920 37
11 2880 1920 37
12 2880 1920 37
13 2880 1920 37
14 2880 1920 37
15 2880 1920 37
16 2880 1920 37
17 2880 1920 37
18 2880 1920 37
19 2880 1920 37
20 2880 1920 37
21 2880 1920 37
22 2880 1920 37
23 2880 1920 37
24 2880 1920 37
25 2880 1920 37
26 2880 1920 37
27 2880 1920 37
28 2880 1920 37
29 2880 1920 37
30 2880 1920 37
31 2880 1920 37
32 2880 1920 37
33 2880 1920 37
34 2880 1920 37
35 2880 1920 37
36 2880 1920 37
37 2880 1920 37
38 2880 1920 37
39 2880 1920 37
40 2880 1920 37
41 2880 1920 37
42 2880 1920 37
43 2880 1920 37
44 2880 1920 37
45 2880 1920 37
46 2880 1920 37
47 2880 1920 37
48 2880 1920 37
49 2880 1920 37
50 2880 1920 37
51 2880 1920 37
52 2880 1920 37
53 2880 1920 37
54 2880 1920 37
55 2880 1920 37
56 2880 1920 37
57 2880 1920 37
58 2880 1920 37
59 2880 1920 37
60 2880 1920 37
61 2880 1920 37
62 2880 1920 37
63 2880 1920 37
64 2880 1920 37
65 2880 1920 37
66 2880 1920 37
67 2880 1920 37
68 2880 1920 37
69 2880 1920 37
70 2880 1920 37
71 2880 1920 37
72 2880 1920 37
73 2880 1920 37
74 2880 1920 37
75 2880 1920 37
76 2880 1920 37
77 2880 1920 37
78 2880 1920 37
79 2880 1920 37
80 2880 1920 37
81 2880 1920 37
82 2880 1920 37
83 2880 1920 37
84 2880 1920 37
85 2880 1920 37
86 2880 1920 37
87 2880 1920 37
88 2880 1920 37
89 2880 1920 37
90 2880 1920 37
91 2880 1920 37
92 2880 1920 37
93 2880 1920 37
94 2880 1920 37
95 2880 1920 37
96 2880 1920 37
97 2880 1920 37
98 2880 1920 37
99 2880 1920 37
100 2880 1920 37
101 2880 1920 37
102 2880 1920 37
103 2880 1920 37
104 2880 1920 37
105 2880 1920 37
106 2880 1920 37
107 2880 1920 37
108 2880 1920 37
109 2880 1920 37
110 2880 1920 37
111 2880 1920 37
112 2880 1920 37
113 2880 1920 37
114 2880 1920 37
115 2880 1920 37
116 2880 1920 37
117 2880 1920 37
118 2880 1920 37
119 2880 1920 37
120 2880 1920 37
121 2880 1920 37
122 2880 1920 37
123 2880 1920 37
124 2880 1920 37
125 2880 1920 37
126 2880 1920 37
127 2880 1920 37
128 2880 1920 37
129 2880 1920 37
130 2880 1920 37
131 2880 1920 37
132 2880 1920 37
133 2880 1920 37
134 2880 1920 37
135 2880 1920 37
136 2880 1920 37
137 2880 1920 37
138 2880 1920 37
139 2880 1920 37
140 2880 1920 37
141 2880 1920 37
142 2880 1920 37
143 2880 1920 37
144 2880 1920 37
145 2880 1920 37
146 2880 1920 37
147 2880 1920 37
148 2880 1920 37
149 2880 1920 37
150 2880 1920 37
151 2880 1920 37
152 2880 1920 37
153 2880 1920 37
154 2880 1920 37
155 2880 1920 37
156 2880 1920 37
157 2880 1920 37
158 2880 1920 37
159 2880 1920 37
160 2880 1920 37
161 2880 1920 37
162 2880 1920 37
163 2880 1920 37
164 2880 1920 37
165 2880 1920 37
166 2880 1920 37
167 2880 1920 37
168 2880 1920 37
169 2880 1920 37
170 2880 1920 37
171 2880 1920 37
172 2880 1920 37
173 2880 1920 37
174 2880 1920 37
175 2880 1920 37
176 2880 1920 37
177 2880 1920 37
178 2880 1920 37
179 2880 1920 37
180 2880 1920 37
181 2880 1920 37
182 2880 1920 37
183 2880 1920 37
184 2880 1920 37
185 2880 1920 37
186 2880 1920 37
187 2880 1920 37
188 2880 1920 37
189 2880 1920 37
190 2880 1920 37
191 2880 1920 37
192 2880 1920 37
193 2880 1920 37
194 2880 1920 37
195 2880 1920 37
196 2880 1920 37
197 2880 1920 37
198 2880 1920 37
199 2880 1920 37
200 2880 1920 37
201 2880 1920 37
202 2880 1920 37
203 2880 1920 37
204 2880 1920 37
205 2880 1920 37
206 2880 1920 37
207 2880 1920 37
208 2880 1920 37
209 2880 1920 37
210 2880 1920 37
211 2880 1920 37
212 2880 1920 37
213 2880 1920 37
214 2880 1920 37
215 2880 1920 37
216 2880 1920 37
217 2880 1920 37
218 2880 1920 37
219 2880 1920 37
220 2880 1920 37
221 2880 1920 37
222 2880 1920 37
223 2880 1920 37
224 2880 1920 37
225 2880 1920 37
226 2880 1920 37
227 2880 1920 37
228 2880 1920 37
229 2880 1920 37
230 2880 1920 37
231 2880 1920 37
232 2880 1920 37
233 2880 1920 37
234 2880 1920 37
235 2880 1920 37
236 2880 1920 37
237 2880 1920 37
238 2880 1920 37
239 2880 1920 37
240 2880 1920 37
241 2880 1920 37
242 2880 1920 37
243 2880 1920 37
244 2880 1920 37
245 2880 1920 37
246 2880 1920 37
247 2880 1920 37
248 2880 1920 37
249 2880 1920 37
250 2880 1920 37
251 2880 1920 37
252 2880 1920 37
253 2880 1920 37
254 2880 1920 37
255 2880 1920 37
256 2880 1920 37
257 2880 1920 37
258 2880 1920 37
259 2880 1920 37
260 2880 1920 37
261 2880 1920 37
262 2880 1920 37
263 2880 1920 37
264 2880 1920 37
265 2880 1920 37
266 2880 1920 37
267 2880 1920 37
268 2880 1920 37
269 2880 1920 37
270 2880 1920 37
271 2880 1920 37
272 2880 1920 37
273 2880 1920 37
274 2880 1920 37
275 2880 1920 37
276 2880 1920 37
277 2880 1920 37
278 2880 1920 37
279 2880 1920 37
280 2880 1920 37
281 2880 1920 37
282 2880 1920 37
283 2880 1920 37
284 2880 1920 37
285 2880 1920 37
286 2880 1920 37
287 2880 1920 37
288 2880 1920 37
289 2880 1920 37
290 2880 1920 37
291 2880 1920 37
292 2880 1920 37
293 2880 1920 37
294 2880 1920 37
295 2880 1920 37
296 2880 1920 37
297 2880 1920 37
298 2880 1920 37
299 2880 1920 37
300 2880 1920 37
301 2880 1920 37
302 2880 1920 37
303 2880 1920 37
304 2880 1920 37
305 2880 1920 37
306 2880 1920 37
307 2880 1920 37
308 2880 1920 37
309 2880 1920 37
310 2880 1920 37
311 2880 1920 37
312 2880 1920 37
313 2880 1920 37
314 2880 1920 37
315 2880 1920 37
316 2880 1920 37
317 2880 1920 37
318 2880 1920 37
319 2880 1920 37
320 2880 1920 37
321 2880 1920 37
322 2880 1920 37
323 2880 1920 37
324 2880 1920 37
325 2880 1920 37
326 2880 1920 37
327 2880 1920 37
328 2880 1920 37
329 2880 1920 37
330 2880 1920 37
331 2880 1920 37
332 2880 1920 37
333 2880 1920 37
334 2880 1920 37
335 2880 1920 37
336 2880 1920 37
337 2880 1920 37
338 2880 1920 37
339 2880 1920 37
340 2880 1920 37
341 2880 1920 37
342 2880 1920 37
343 2880 1920 37
344 2880 1920 37
345 2880 1920 37
346 2880 1920 37
347 2880 1920 37
348 2880 1920 37
349 2880 1920 37
350 2880 1920 37
351 2880 1920 37
352 2880 1920 37
353 2880 1920 37
354 2880 1920 37
355 2880 1920 37
356 2880 1920 37
357 2880 1920 37
358 2880 1920 37
359 2880 1920 37
360 2880 1920 37
361 2880 1920 37
362 2880 1920 37
363 2880 1920 37
364 2880 1920 37
365 2880 1920 37
366 2880 1920 37
367 2880 1920 37
368 2880 1920 37
369 2880 1920 37
370 2880 1920 37
371 2880 1920 37
372 2880 1920 37
373 2880 1920 37
374 2880 1920 37
375 2880 1920 37
376 2880 1920 37
377 2880 1920 37
378 2880 1920 37
379 2880 1920 37
380 2880 1920 37
381 2880 1920 37
382 2880 1920 37
383 2880 1920 37
384 2880 1920 37
385 2880 1920 37
386 2880 1920 37
387 2880 1920 37
388 2880 1920 37
389 2880 1920 37
390 2880 1920 37
391 2880 1920 37
392 2880 1920 37
393 2880 1920 37
394 2880 1920 37
395 2880 1920 37
396 2880 1920 37
397 2880 1920 37
398 2880 1920 37
399 2880 1920 37
400 2880 1920 37
401 2880 1920 37
402 2880 1920 37
403 2880 1920 37
404 2880 1920 37
405 2880 1920 37
406 2880 1920 37
407 2880 1920 37
408 2880 1920 37
409 2880 1920 37
410 2880 1920 37
411 2880 1920 37
412 2880 1920 37
413 2880 1920 37
414 2880 1920 37
415 2880 1920 37
416 2880 1920 37
417 2880 1920 37
418 2880 1920 37
419 2880 1920 37
420 2880 1920 37
421 2880 1920 37
422 2880 1920 37
423 2880 1920 37
424 2880 1920 37
