0 768 512 32  G:\YUVs\IntraTrain_768x512.yuv
1 768 512 32
2 768 512 32
3 768 512 32
4 768 512 32
5 768 512 32
6 768 512 32
7 768 512 32
8 768 512 32
9 768 512 32
10 768 512 32
11 768 512 32
12 768 512 32
13 768 512 32
14 768 512 32
15 768 512 32
16 768 512 32
17 768 512 32
18 768 512 32
19 768 512 32
20 768 512 32
21 768 512 32
22 768 512 32
23 768 512 32
24 768 512 32
25 768 512 32
26 768 512 32
27 768 512 32
28 768 512 32
29 768 512 32
30 768 512 32
31 768 512 32
32 768 512 32
33 768 512 32
34 768 512 32
35 768 512 32
36 768 512 32
37 768 512 32
38 768 512 32
39 768 512 32
40 768 512 32
41 768 512 32
42 768 512 32
43 768 512 32
44 768 512 32
45 768 512 32
46 768 512 32
47 768 512 32
48 768 512 32
49 768 512 32
50 768 512 32
51 768 512 32
52 768 512 32
53 768 512 32
54 768 512 32
55 768 512 32
56 768 512 32
57 768 512 32
58 768 512 32
59 768 512 32
60 768 512 32
61 768 512 32
62 768 512 32
63 768 512 32
64 768 512 32
65 768 512 32
66 768 512 32
67 768 512 32
68 768 512 32
69 768 512 32
70 768 512 32
71 768 512 32
72 768 512 32
73 768 512 32
74 768 512 32
75 768 512 32
76 768 512 32
77 768 512 32
78 768 512 32
79 768 512 32
80 768 512 32
81 768 512 32
82 768 512 32
83 768 512 32
84 768 512 32
85 768 512 32
86 768 512 32
87 768 512 32
88 768 512 32
89 768 512 32
90 768 512 32
91 768 512 32
92 768 512 32
93 768 512 32
94 768 512 32
95 768 512 32
96 768 512 32
97 768 512 32
98 768 512 32
99 768 512 32
100 768 512 32
101 768 512 32
102 768 512 32
103 768 512 32
104 768 512 32
105 768 512 32
106 768 512 32
107 768 512 32
108 768 512 32
109 768 512 32
110 768 512 32
111 768 512 32
112 768 512 32
113 768 512 32
114 768 512 32
115 768 512 32
116 768 512 32
117 768 512 32
118 768 512 32
119 768 512 32
120 768 512 32
121 768 512 32
122 768 512 32
123 768 512 32
124 768 512 32
125 768 512 32
126 768 512 32
127 768 512 32
128 768 512 32
129 768 512 32
130 768 512 32
131 768 512 32
132 768 512 32
133 768 512 32
134 768 512 32
135 768 512 32
136 768 512 32
137 768 512 32
138 768 512 32
139 768 512 32
140 768 512 32
141 768 512 32
142 768 512 32
143 768 512 32
144 768 512 32
145 768 512 32
146 768 512 32
147 768 512 32
148 768 512 32
149 768 512 32
150 768 512 32
151 768 512 32
152 768 512 32
153 768 512 32
154 768 512 32
155 768 512 32
156 768 512 32
157 768 512 32
158 768 512 32
159 768 512 32
160 768 512 32
161 768 512 32
162 768 512 32
163 768 512 32
164 768 512 32
165 768 512 32
166 768 512 32
167 768 512 32
168 768 512 32
169 768 512 32
170 768 512 32
171 768 512 32
172 768 512 32
173 768 512 32
174 768 512 32
175 768 512 32
176 768 512 32
177 768 512 32
178 768 512 32
179 768 512 32
180 768 512 32
181 768 512 32
182 768 512 32
183 768 512 32
184 768 512 32
185 768 512 32
186 768 512 32
187 768 512 32
188 768 512 32
189 768 512 32
190 768 512 32
191 768 512 32
192 768 512 32
193 768 512 32
194 768 512 32
195 768 512 32
196 768 512 32
197 768 512 32
198 768 512 32
199 768 512 32
200 768 512 32
201 768 512 32
202 768 512 32
203 768 512 32
204 768 512 32
205 768 512 32
206 768 512 32
207 768 512 32
208 768 512 32
209 768 512 32
210 768 512 32
211 768 512 32
212 768 512 32
213 768 512 32
214 768 512 32
215 768 512 32
216 768 512 32
217 768 512 32
218 768 512 32
219 768 512 32
220 768 512 32
221 768 512 32
222 768 512 32
223 768 512 32
224 768 512 32
225 768 512 32
226 768 512 32
227 768 512 32
228 768 512 32
229 768 512 32
230 768 512 32
231 768 512 32
232 768 512 32
233 768 512 32
234 768 512 32
235 768 512 32
236 768 512 32
237 768 512 32
238 768 512 32
239 768 512 32
240 768 512 32
241 768 512 32
242 768 512 32
243 768 512 32
244 768 512 32
245 768 512 32
246 768 512 32
247 768 512 32
248 768 512 32
249 768 512 32
250 768 512 32
251 768 512 32
252 768 512 32
253 768 512 32
254 768 512 32
255 768 512 32
256 768 512 32
257 768 512 32
258 768 512 32
259 768 512 32
260 768 512 32
261 768 512 32
262 768 512 32
263 768 512 32
264 768 512 32
265 768 512 32
266 768 512 32
267 768 512 32
268 768 512 32
269 768 512 32
270 768 512 32
271 768 512 32
272 768 512 32
273 768 512 32
274 768 512 32
275 768 512 32
276 768 512 32
277 768 512 32
278 768 512 32
279 768 512 32
280 768 512 32
281 768 512 32
282 768 512 32
283 768 512 32
284 768 512 32
285 768 512 32
286 768 512 32
287 768 512 32
288 768 512 32
289 768 512 32
290 768 512 32
291 768 512 32
292 768 512 32
293 768 512 32
294 768 512 32
295 768 512 32
296 768 512 32
297 768 512 32
298 768 512 32
299 768 512 32
300 768 512 32
301 768 512 32
302 768 512 32
303 768 512 32
304 768 512 32
305 768 512 32
306 768 512 32
307 768 512 32
308 768 512 32
309 768 512 32
310 768 512 32
311 768 512 32
312 768 512 32
313 768 512 32
314 768 512 32
315 768 512 32
316 768 512 32
317 768 512 32
318 768 512 32
319 768 512 32
320 768 512 32
321 768 512 32
322 768 512 32
323 768 512 32
324 768 512 32
325 768 512 32
326 768 512 32
327 768 512 32
328 768 512 32
329 768 512 32
330 768 512 32
331 768 512 32
332 768 512 32
333 768 512 32
334 768 512 32
335 768 512 32
336 768 512 32
337 768 512 32
338 768 512 32
339 768 512 32
340 768 512 32
341 768 512 32
342 768 512 32
343 768 512 32
344 768 512 32
345 768 512 32
346 768 512 32
347 768 512 32
348 768 512 32
349 768 512 32
350 768 512 32
351 768 512 32
352 768 512 32
353 768 512 32
354 768 512 32
355 768 512 32
356 768 512 32
357 768 512 32
358 768 512 32
359 768 512 32
360 768 512 32
361 768 512 32
362 768 512 32
363 768 512 32
364 768 512 32
365 768 512 32
366 768 512 32
367 768 512 32
368 768 512 32
369 768 512 32
370 768 512 32
371 768 512 32
372 768 512 32
373 768 512 32
374 768 512 32
375 768 512 32
376 768 512 32
377 768 512 32
378 768 512 32
379 768 512 32
380 768 512 32
381 768 512 32
382 768 512 32
383 768 512 32
384 768 512 32
385 768 512 32
386 768 512 32
387 768 512 32
388 768 512 32
389 768 512 32
390 768 512 32
391 768 512 32
392 768 512 32
393 768 512 32
394 768 512 32
395 768 512 32
396 768 512 32
397 768 512 32
398 768 512 32
399 768 512 32
400 768 512 32
401 768 512 32
402 768 512 32
403 768 512 32
404 768 512 32
405 768 512 32
406 768 512 32
407 768 512 32
408 768 512 32
409 768 512 32
410 768 512 32
411 768 512 32
412 768 512 32
413 768 512 32
414 768 512 32
415 768 512 32
416 768 512 32
417 768 512 32
418 768 512 32
419 768 512 32
420 768 512 32
421 768 512 32
422 768 512 32
423 768 512 32
424 768 512 32
