0 1536 1024 27  G:\YUVs\IntraTrain_1536x1024.yuv
1 1536 1024 27
2 1536 1024 27
3 1536 1024 27
4 1536 1024 27
5 1536 1024 27
6 1536 1024 27
7 1536 1024 27
8 1536 1024 27
9 1536 1024 27
10 1536 1024 27
11 1536 1024 27
12 1536 1024 27
13 1536 1024 27
14 1536 1024 27
15 1536 1024 27
16 1536 1024 27
17 1536 1024 27
18 1536 1024 27
19 1536 1024 27
20 1536 1024 27
21 1536 1024 27
22 1536 1024 27
23 1536 1024 27
24 1536 1024 27
25 1536 1024 27
26 1536 1024 27
27 1536 1024 27
28 1536 1024 27
29 1536 1024 27
30 1536 1024 27
31 1536 1024 27
32 1536 1024 27
33 1536 1024 27
34 1536 1024 27
35 1536 1024 27
36 1536 1024 27
37 1536 1024 27
38 1536 1024 27
39 1536 1024 27
40 1536 1024 27
41 1536 1024 27
42 1536 1024 27
43 1536 1024 27
44 1536 1024 27
45 1536 1024 27
46 1536 1024 27
47 1536 1024 27
48 1536 1024 27
49 1536 1024 27
50 1536 1024 27
51 1536 1024 27
52 1536 1024 27
53 1536 1024 27
54 1536 1024 27
55 1536 1024 27
56 1536 1024 27
57 1536 1024 27
58 1536 1024 27
59 1536 1024 27
60 1536 1024 27
61 1536 1024 27
62 1536 1024 27
63 1536 1024 27
64 1536 1024 27
65 1536 1024 27
66 1536 1024 27
67 1536 1024 27
68 1536 1024 27
69 1536 1024 27
70 1536 1024 27
71 1536 1024 27
72 1536 1024 27
73 1536 1024 27
74 1536 1024 27
75 1536 1024 27
76 1536 1024 27
77 1536 1024 27
78 1536 1024 27
79 1536 1024 27
80 1536 1024 27
81 1536 1024 27
82 1536 1024 27
83 1536 1024 27
84 1536 1024 27
85 1536 1024 27
86 1536 1024 27
87 1536 1024 27
88 1536 1024 27
89 1536 1024 27
90 1536 1024 27
91 1536 1024 27
92 1536 1024 27
93 1536 1024 27
94 1536 1024 27
95 1536 1024 27
96 1536 1024 27
97 1536 1024 27
98 1536 1024 27
99 1536 1024 27
100 1536 1024 27
101 1536 1024 27
102 1536 1024 27
103 1536 1024 27
104 1536 1024 27
105 1536 1024 27
106 1536 1024 27
107 1536 1024 27
108 1536 1024 27
109 1536 1024 27
110 1536 1024 27
111 1536 1024 27
112 1536 1024 27
113 1536 1024 27
114 1536 1024 27
115 1536 1024 27
116 1536 1024 27
117 1536 1024 27
118 1536 1024 27
119 1536 1024 27
120 1536 1024 27
121 1536 1024 27
122 1536 1024 27
123 1536 1024 27
124 1536 1024 27
125 1536 1024 27
126 1536 1024 27
127 1536 1024 27
128 1536 1024 27
129 1536 1024 27
130 1536 1024 27
131 1536 1024 27
132 1536 1024 27
133 1536 1024 27
134 1536 1024 27
135 1536 1024 27
136 1536 1024 27
137 1536 1024 27
138 1536 1024 27
139 1536 1024 27
140 1536 1024 27
141 1536 1024 27
142 1536 1024 27
143 1536 1024 27
144 1536 1024 27
145 1536 1024 27
146 1536 1024 27
147 1536 1024 27
148 1536 1024 27
149 1536 1024 27
150 1536 1024 27
151 1536 1024 27
152 1536 1024 27
153 1536 1024 27
154 1536 1024 27
155 1536 1024 27
156 1536 1024 27
157 1536 1024 27
158 1536 1024 27
159 1536 1024 27
160 1536 1024 27
161 1536 1024 27
162 1536 1024 27
163 1536 1024 27
164 1536 1024 27
165 1536 1024 27
166 1536 1024 27
167 1536 1024 27
168 1536 1024 27
169 1536 1024 27
170 1536 1024 27
171 1536 1024 27
172 1536 1024 27
173 1536 1024 27
174 1536 1024 27
175 1536 1024 27
176 1536 1024 27
177 1536 1024 27
178 1536 1024 27
179 1536 1024 27
180 1536 1024 27
181 1536 1024 27
182 1536 1024 27
183 1536 1024 27
184 1536 1024 27
185 1536 1024 27
186 1536 1024 27
187 1536 1024 27
188 1536 1024 27
189 1536 1024 27
190 1536 1024 27
191 1536 1024 27
192 1536 1024 27
193 1536 1024 27
194 1536 1024 27
195 1536 1024 27
196 1536 1024 27
197 1536 1024 27
198 1536 1024 27
199 1536 1024 27
200 1536 1024 27
201 1536 1024 27
202 1536 1024 27
203 1536 1024 27
204 1536 1024 27
205 1536 1024 27
206 1536 1024 27
207 1536 1024 27
208 1536 1024 27
209 1536 1024 27
210 1536 1024 27
211 1536 1024 27
212 1536 1024 27
213 1536 1024 27
214 1536 1024 27
215 1536 1024 27
216 1536 1024 27
217 1536 1024 27
218 1536 1024 27
219 1536 1024 27
220 1536 1024 27
221 1536 1024 27
222 1536 1024 27
223 1536 1024 27
224 1536 1024 27
225 1536 1024 27
226 1536 1024 27
227 1536 1024 27
228 1536 1024 27
229 1536 1024 27
230 1536 1024 27
231 1536 1024 27
232 1536 1024 27
233 1536 1024 27
234 1536 1024 27
235 1536 1024 27
236 1536 1024 27
237 1536 1024 27
238 1536 1024 27
239 1536 1024 27
240 1536 1024 27
241 1536 1024 27
242 1536 1024 27
243 1536 1024 27
244 1536 1024 27
245 1536 1024 27
246 1536 1024 27
247 1536 1024 27
248 1536 1024 27
249 1536 1024 27
250 1536 1024 27
251 1536 1024 27
252 1536 1024 27
253 1536 1024 27
254 1536 1024 27
255 1536 1024 27
256 1536 1024 27
257 1536 1024 27
258 1536 1024 27
259 1536 1024 27
260 1536 1024 27
261 1536 1024 27
262 1536 1024 27
263 1536 1024 27
264 1536 1024 27
265 1536 1024 27
266 1536 1024 27
267 1536 1024 27
268 1536 1024 27
269 1536 1024 27
270 1536 1024 27
271 1536 1024 27
272 1536 1024 27
273 1536 1024 27
274 1536 1024 27
275 1536 1024 27
276 1536 1024 27
277 1536 1024 27
278 1536 1024 27
279 1536 1024 27
280 1536 1024 27
281 1536 1024 27
282 1536 1024 27
283 1536 1024 27
284 1536 1024 27
285 1536 1024 27
286 1536 1024 27
287 1536 1024 27
288 1536 1024 27
289 1536 1024 27
290 1536 1024 27
291 1536 1024 27
292 1536 1024 27
293 1536 1024 27
294 1536 1024 27
295 1536 1024 27
296 1536 1024 27
297 1536 1024 27
298 1536 1024 27
299 1536 1024 27
300 1536 1024 27
301 1536 1024 27
302 1536 1024 27
303 1536 1024 27
304 1536 1024 27
305 1536 1024 27
306 1536 1024 27
307 1536 1024 27
308 1536 1024 27
309 1536 1024 27
310 1536 1024 27
311 1536 1024 27
312 1536 1024 27
313 1536 1024 27
314 1536 1024 27
315 1536 1024 27
316 1536 1024 27
317 1536 1024 27
318 1536 1024 27
319 1536 1024 27
320 1536 1024 27
321 1536 1024 27
322 1536 1024 27
323 1536 1024 27
324 1536 1024 27
325 1536 1024 27
326 1536 1024 27
327 1536 1024 27
328 1536 1024 27
329 1536 1024 27
330 1536 1024 27
331 1536 1024 27
332 1536 1024 27
333 1536 1024 27
334 1536 1024 27
335 1536 1024 27
336 1536 1024 27
337 1536 1024 27
338 1536 1024 27
339 1536 1024 27
340 1536 1024 27
341 1536 1024 27
342 1536 1024 27
343 1536 1024 27
344 1536 1024 27
345 1536 1024 27
346 1536 1024 27
347 1536 1024 27
348 1536 1024 27
349 1536 1024 27
350 1536 1024 27
351 1536 1024 27
352 1536 1024 27
353 1536 1024 27
354 1536 1024 27
355 1536 1024 27
356 1536 1024 27
357 1536 1024 27
358 1536 1024 27
359 1536 1024 27
360 1536 1024 27
361 1536 1024 27
362 1536 1024 27
363 1536 1024 27
364 1536 1024 27
365 1536 1024 27
366 1536 1024 27
367 1536 1024 27
368 1536 1024 27
369 1536 1024 27
370 1536 1024 27
371 1536 1024 27
372 1536 1024 27
373 1536 1024 27
374 1536 1024 27
375 1536 1024 27
376 1536 1024 27
377 1536 1024 27
378 1536 1024 27
379 1536 1024 27
380 1536 1024 27
381 1536 1024 27
382 1536 1024 27
383 1536 1024 27
384 1536 1024 27
385 1536 1024 27
386 1536 1024 27
387 1536 1024 27
388 1536 1024 27
389 1536 1024 27
390 1536 1024 27
391 1536 1024 27
392 1536 1024 27
393 1536 1024 27
394 1536 1024 27
395 1536 1024 27
396 1536 1024 27
397 1536 1024 27
398 1536 1024 27
399 1536 1024 27
400 1536 1024 27
401 1536 1024 27
402 1536 1024 27
403 1536 1024 27
404 1536 1024 27
405 1536 1024 27
406 1536 1024 27
407 1536 1024 27
408 1536 1024 27
409 1536 1024 27
410 1536 1024 27
411 1536 1024 27
412 1536 1024 27
413 1536 1024 27
414 1536 1024 27
415 1536 1024 27
416 1536 1024 27
417 1536 1024 27
418 1536 1024 27
419 1536 1024 27
420 1536 1024 27
421 1536 1024 27
422 1536 1024 27
423 1536 1024 27
424 1536 1024 27
