0 4928 3264 32  G:\YUVs\IntraTrain_4928x3264.yuv
1 4928 3264 32
2 4928 3264 32
3 4928 3264 32
4 4928 3264 32
5 4928 3264 32
6 4928 3264 32
7 4928 3264 32
8 4928 3264 32
9 4928 3264 32
10 4928 3264 32
11 4928 3264 32
12 4928 3264 32
13 4928 3264 32
14 4928 3264 32
15 4928 3264 32
16 4928 3264 32
17 4928 3264 32
18 4928 3264 32
19 4928 3264 32
20 4928 3264 32
21 4928 3264 32
22 4928 3264 32
23 4928 3264 32
24 4928 3264 32
25 4928 3264 32
26 4928 3264 32
27 4928 3264 32
28 4928 3264 32
29 4928 3264 32
30 4928 3264 32
31 4928 3264 32
32 4928 3264 32
33 4928 3264 32
34 4928 3264 32
35 4928 3264 32
36 4928 3264 32
37 4928 3264 32
38 4928 3264 32
39 4928 3264 32
40 4928 3264 32
41 4928 3264 32
42 4928 3264 32
43 4928 3264 32
44 4928 3264 32
45 4928 3264 32
46 4928 3264 32
47 4928 3264 32
48 4928 3264 32
49 4928 3264 32
50 4928 3264 32
51 4928 3264 32
52 4928 3264 32
53 4928 3264 32
54 4928 3264 32
55 4928 3264 32
56 4928 3264 32
57 4928 3264 32
58 4928 3264 32
59 4928 3264 32
60 4928 3264 32
61 4928 3264 32
62 4928 3264 32
63 4928 3264 32
64 4928 3264 32
65 4928 3264 32
66 4928 3264 32
67 4928 3264 32
68 4928 3264 32
69 4928 3264 32
70 4928 3264 32
71 4928 3264 32
72 4928 3264 32
73 4928 3264 32
74 4928 3264 32
75 4928 3264 32
76 4928 3264 32
77 4928 3264 32
78 4928 3264 32
79 4928 3264 32
80 4928 3264 32
81 4928 3264 32
82 4928 3264 32
83 4928 3264 32
84 4928 3264 32
85 4928 3264 32
86 4928 3264 32
87 4928 3264 32
88 4928 3264 32
89 4928 3264 32
90 4928 3264 32
91 4928 3264 32
92 4928 3264 32
93 4928 3264 32
94 4928 3264 32
95 4928 3264 32
96 4928 3264 32
97 4928 3264 32
98 4928 3264 32
99 4928 3264 32
100 4928 3264 32
101 4928 3264 32
102 4928 3264 32
103 4928 3264 32
104 4928 3264 32
105 4928 3264 32
106 4928 3264 32
107 4928 3264 32
108 4928 3264 32
109 4928 3264 32
110 4928 3264 32
111 4928 3264 32
112 4928 3264 32
113 4928 3264 32
114 4928 3264 32
115 4928 3264 32
116 4928 3264 32
117 4928 3264 32
118 4928 3264 32
119 4928 3264 32
120 4928 3264 32
121 4928 3264 32
122 4928 3264 32
123 4928 3264 32
124 4928 3264 32
125 4928 3264 32
126 4928 3264 32
127 4928 3264 32
128 4928 3264 32
129 4928 3264 32
130 4928 3264 32
131 4928 3264 32
132 4928 3264 32
133 4928 3264 32
134 4928 3264 32
135 4928 3264 32
136 4928 3264 32
137 4928 3264 32
138 4928 3264 32
139 4928 3264 32
140 4928 3264 32
141 4928 3264 32
142 4928 3264 32
143 4928 3264 32
144 4928 3264 32
145 4928 3264 32
146 4928 3264 32
147 4928 3264 32
148 4928 3264 32
149 4928 3264 32
150 4928 3264 32
151 4928 3264 32
152 4928 3264 32
153 4928 3264 32
154 4928 3264 32
155 4928 3264 32
156 4928 3264 32
157 4928 3264 32
158 4928 3264 32
159 4928 3264 32
160 4928 3264 32
161 4928 3264 32
162 4928 3264 32
163 4928 3264 32
164 4928 3264 32
165 4928 3264 32
166 4928 3264 32
167 4928 3264 32
168 4928 3264 32
169 4928 3264 32
170 4928 3264 32
171 4928 3264 32
172 4928 3264 32
173 4928 3264 32
174 4928 3264 32
175 4928 3264 32
176 4928 3264 32
177 4928 3264 32
178 4928 3264 32
179 4928 3264 32
180 4928 3264 32
181 4928 3264 32
182 4928 3264 32
183 4928 3264 32
184 4928 3264 32
185 4928 3264 32
186 4928 3264 32
187 4928 3264 32
188 4928 3264 32
189 4928 3264 32
190 4928 3264 32
191 4928 3264 32
192 4928 3264 32
193 4928 3264 32
194 4928 3264 32
195 4928 3264 32
196 4928 3264 32
197 4928 3264 32
198 4928 3264 32
199 4928 3264 32
200 4928 3264 32
201 4928 3264 32
202 4928 3264 32
203 4928 3264 32
204 4928 3264 32
205 4928 3264 32
206 4928 3264 32
207 4928 3264 32
208 4928 3264 32
209 4928 3264 32
210 4928 3264 32
211 4928 3264 32
212 4928 3264 32
213 4928 3264 32
214 4928 3264 32
215 4928 3264 32
216 4928 3264 32
217 4928 3264 32
218 4928 3264 32
219 4928 3264 32
220 4928 3264 32
221 4928 3264 32
222 4928 3264 32
223 4928 3264 32
224 4928 3264 32
225 4928 3264 32
226 4928 3264 32
227 4928 3264 32
228 4928 3264 32
229 4928 3264 32
230 4928 3264 32
231 4928 3264 32
232 4928 3264 32
233 4928 3264 32
234 4928 3264 32
235 4928 3264 32
236 4928 3264 32
237 4928 3264 32
238 4928 3264 32
239 4928 3264 32
240 4928 3264 32
241 4928 3264 32
242 4928 3264 32
243 4928 3264 32
244 4928 3264 32
245 4928 3264 32
246 4928 3264 32
247 4928 3264 32
248 4928 3264 32
249 4928 3264 32
250 4928 3264 32
251 4928 3264 32
252 4928 3264 32
253 4928 3264 32
254 4928 3264 32
255 4928 3264 32
256 4928 3264 32
257 4928 3264 32
258 4928 3264 32
259 4928 3264 32
260 4928 3264 32
261 4928 3264 32
262 4928 3264 32
263 4928 3264 32
264 4928 3264 32
265 4928 3264 32
266 4928 3264 32
267 4928 3264 32
268 4928 3264 32
269 4928 3264 32
270 4928 3264 32
271 4928 3264 32
272 4928 3264 32
273 4928 3264 32
274 4928 3264 32
275 4928 3264 32
276 4928 3264 32
277 4928 3264 32
278 4928 3264 32
279 4928 3264 32
280 4928 3264 32
281 4928 3264 32
282 4928 3264 32
283 4928 3264 32
284 4928 3264 32
285 4928 3264 32
286 4928 3264 32
287 4928 3264 32
288 4928 3264 32
289 4928 3264 32
290 4928 3264 32
291 4928 3264 32
292 4928 3264 32
293 4928 3264 32
294 4928 3264 32
295 4928 3264 32
296 4928 3264 32
297 4928 3264 32
298 4928 3264 32
299 4928 3264 32
300 4928 3264 32
301 4928 3264 32
302 4928 3264 32
303 4928 3264 32
304 4928 3264 32
305 4928 3264 32
306 4928 3264 32
307 4928 3264 32
308 4928 3264 32
309 4928 3264 32
310 4928 3264 32
311 4928 3264 32
312 4928 3264 32
313 4928 3264 32
314 4928 3264 32
315 4928 3264 32
316 4928 3264 32
317 4928 3264 32
318 4928 3264 32
319 4928 3264 32
320 4928 3264 32
321 4928 3264 32
322 4928 3264 32
323 4928 3264 32
324 4928 3264 32
325 4928 3264 32
326 4928 3264 32
327 4928 3264 32
328 4928 3264 32
329 4928 3264 32
330 4928 3264 32
331 4928 3264 32
332 4928 3264 32
333 4928 3264 32
334 4928 3264 32
335 4928 3264 32
336 4928 3264 32
337 4928 3264 32
338 4928 3264 32
339 4928 3264 32
340 4928 3264 32
341 4928 3264 32
342 4928 3264 32
343 4928 3264 32
344 4928 3264 32
345 4928 3264 32
346 4928 3264 32
347 4928 3264 32
348 4928 3264 32
349 4928 3264 32
350 4928 3264 32
351 4928 3264 32
352 4928 3264 32
353 4928 3264 32
354 4928 3264 32
355 4928 3264 32
356 4928 3264 32
357 4928 3264 32
358 4928 3264 32
359 4928 3264 32
360 4928 3264 32
361 4928 3264 32
362 4928 3264 32
363 4928 3264 32
364 4928 3264 32
365 4928 3264 32
366 4928 3264 32
367 4928 3264 32
368 4928 3264 32
369 4928 3264 32
370 4928 3264 32
371 4928 3264 32
372 4928 3264 32
373 4928 3264 32
374 4928 3264 32
375 4928 3264 32
376 4928 3264 32
377 4928 3264 32
378 4928 3264 32
379 4928 3264 32
380 4928 3264 32
381 4928 3264 32
382 4928 3264 32
383 4928 3264 32
384 4928 3264 32
385 4928 3264 32
386 4928 3264 32
387 4928 3264 32
388 4928 3264 32
389 4928 3264 32
390 4928 3264 32
391 4928 3264 32
392 4928 3264 32
393 4928 3264 32
394 4928 3264 32
395 4928 3264 32
396 4928 3264 32
397 4928 3264 32
398 4928 3264 32
399 4928 3264 32
400 4928 3264 32
401 4928 3264 32
402 4928 3264 32
403 4928 3264 32
404 4928 3264 32
405 4928 3264 32
406 4928 3264 32
407 4928 3264 32
408 4928 3264 32
409 4928 3264 32
410 4928 3264 32
411 4928 3264 32
412 4928 3264 32
413 4928 3264 32
414 4928 3264 32
415 4928 3264 32
416 4928 3264 32
417 4928 3264 32
418 4928 3264 32
419 4928 3264 32
420 4928 3264 32
421 4928 3264 32
422 4928 3264 32
423 4928 3264 32
424 4928 3264 32
