0 1536 1024 32  G:\YUVs\IntraTrain_1536x1024.yuv
1 1536 1024 32
2 1536 1024 32
3 1536 1024 32
4 1536 1024 32
5 1536 1024 32
6 1536 1024 32
7 1536 1024 32
8 1536 1024 32
9 1536 1024 32
10 1536 1024 32
11 1536 1024 32
12 1536 1024 32
13 1536 1024 32
14 1536 1024 32
15 1536 1024 32
16 1536 1024 32
17 1536 1024 32
18 1536 1024 32
19 1536 1024 32
20 1536 1024 32
21 1536 1024 32
22 1536 1024 32
23 1536 1024 32
24 1536 1024 32
25 1536 1024 32
26 1536 1024 32
27 1536 1024 32
28 1536 1024 32
29 1536 1024 32
30 1536 1024 32
31 1536 1024 32
32 1536 1024 32
33 1536 1024 32
34 1536 1024 32
35 1536 1024 32
36 1536 1024 32
37 1536 1024 32
38 1536 1024 32
39 1536 1024 32
40 1536 1024 32
41 1536 1024 32
42 1536 1024 32
43 1536 1024 32
44 1536 1024 32
45 1536 1024 32
46 1536 1024 32
47 1536 1024 32
48 1536 1024 32
49 1536 1024 32
50 1536 1024 32
51 1536 1024 32
52 1536 1024 32
53 1536 1024 32
54 1536 1024 32
55 1536 1024 32
56 1536 1024 32
57 1536 1024 32
58 1536 1024 32
59 1536 1024 32
60 1536 1024 32
61 1536 1024 32
62 1536 1024 32
63 1536 1024 32
64 1536 1024 32
65 1536 1024 32
66 1536 1024 32
67 1536 1024 32
68 1536 1024 32
69 1536 1024 32
70 1536 1024 32
71 1536 1024 32
72 1536 1024 32
73 1536 1024 32
74 1536 1024 32
75 1536 1024 32
76 1536 1024 32
77 1536 1024 32
78 1536 1024 32
79 1536 1024 32
80 1536 1024 32
81 1536 1024 32
82 1536 1024 32
83 1536 1024 32
84 1536 1024 32
85 1536 1024 32
86 1536 1024 32
87 1536 1024 32
88 1536 1024 32
89 1536 1024 32
90 1536 1024 32
91 1536 1024 32
92 1536 1024 32
93 1536 1024 32
94 1536 1024 32
95 1536 1024 32
96 1536 1024 32
97 1536 1024 32
98 1536 1024 32
99 1536 1024 32
100 1536 1024 32
101 1536 1024 32
102 1536 1024 32
103 1536 1024 32
104 1536 1024 32
105 1536 1024 32
106 1536 1024 32
107 1536 1024 32
108 1536 1024 32
109 1536 1024 32
110 1536 1024 32
111 1536 1024 32
112 1536 1024 32
113 1536 1024 32
114 1536 1024 32
115 1536 1024 32
116 1536 1024 32
117 1536 1024 32
118 1536 1024 32
119 1536 1024 32
120 1536 1024 32
121 1536 1024 32
122 1536 1024 32
123 1536 1024 32
124 1536 1024 32
125 1536 1024 32
126 1536 1024 32
127 1536 1024 32
128 1536 1024 32
129 1536 1024 32
130 1536 1024 32
131 1536 1024 32
132 1536 1024 32
133 1536 1024 32
134 1536 1024 32
135 1536 1024 32
136 1536 1024 32
137 1536 1024 32
138 1536 1024 32
139 1536 1024 32
140 1536 1024 32
141 1536 1024 32
142 1536 1024 32
143 1536 1024 32
144 1536 1024 32
145 1536 1024 32
146 1536 1024 32
147 1536 1024 32
148 1536 1024 32
149 1536 1024 32
150 1536 1024 32
151 1536 1024 32
152 1536 1024 32
153 1536 1024 32
154 1536 1024 32
155 1536 1024 32
156 1536 1024 32
157 1536 1024 32
158 1536 1024 32
159 1536 1024 32
160 1536 1024 32
161 1536 1024 32
162 1536 1024 32
163 1536 1024 32
164 1536 1024 32
165 1536 1024 32
166 1536 1024 32
167 1536 1024 32
168 1536 1024 32
169 1536 1024 32
170 1536 1024 32
171 1536 1024 32
172 1536 1024 32
173 1536 1024 32
174 1536 1024 32
175 1536 1024 32
176 1536 1024 32
177 1536 1024 32
178 1536 1024 32
179 1536 1024 32
180 1536 1024 32
181 1536 1024 32
182 1536 1024 32
183 1536 1024 32
184 1536 1024 32
185 1536 1024 32
186 1536 1024 32
187 1536 1024 32
188 1536 1024 32
189 1536 1024 32
190 1536 1024 32
191 1536 1024 32
192 1536 1024 32
193 1536 1024 32
194 1536 1024 32
195 1536 1024 32
196 1536 1024 32
197 1536 1024 32
198 1536 1024 32
199 1536 1024 32
200 1536 1024 32
201 1536 1024 32
202 1536 1024 32
203 1536 1024 32
204 1536 1024 32
205 1536 1024 32
206 1536 1024 32
207 1536 1024 32
208 1536 1024 32
209 1536 1024 32
210 1536 1024 32
211 1536 1024 32
212 1536 1024 32
213 1536 1024 32
214 1536 1024 32
215 1536 1024 32
216 1536 1024 32
217 1536 1024 32
218 1536 1024 32
219 1536 1024 32
220 1536 1024 32
221 1536 1024 32
222 1536 1024 32
223 1536 1024 32
224 1536 1024 32
225 1536 1024 32
226 1536 1024 32
227 1536 1024 32
228 1536 1024 32
229 1536 1024 32
230 1536 1024 32
231 1536 1024 32
232 1536 1024 32
233 1536 1024 32
234 1536 1024 32
235 1536 1024 32
236 1536 1024 32
237 1536 1024 32
238 1536 1024 32
239 1536 1024 32
240 1536 1024 32
241 1536 1024 32
242 1536 1024 32
243 1536 1024 32
244 1536 1024 32
245 1536 1024 32
246 1536 1024 32
247 1536 1024 32
248 1536 1024 32
249 1536 1024 32
250 1536 1024 32
251 1536 1024 32
252 1536 1024 32
253 1536 1024 32
254 1536 1024 32
255 1536 1024 32
256 1536 1024 32
257 1536 1024 32
258 1536 1024 32
259 1536 1024 32
260 1536 1024 32
261 1536 1024 32
262 1536 1024 32
263 1536 1024 32
264 1536 1024 32
265 1536 1024 32
266 1536 1024 32
267 1536 1024 32
268 1536 1024 32
269 1536 1024 32
270 1536 1024 32
271 1536 1024 32
272 1536 1024 32
273 1536 1024 32
274 1536 1024 32
275 1536 1024 32
276 1536 1024 32
277 1536 1024 32
278 1536 1024 32
279 1536 1024 32
280 1536 1024 32
281 1536 1024 32
282 1536 1024 32
283 1536 1024 32
284 1536 1024 32
285 1536 1024 32
286 1536 1024 32
287 1536 1024 32
288 1536 1024 32
289 1536 1024 32
290 1536 1024 32
291 1536 1024 32
292 1536 1024 32
293 1536 1024 32
294 1536 1024 32
295 1536 1024 32
296 1536 1024 32
297 1536 1024 32
298 1536 1024 32
299 1536 1024 32
300 1536 1024 32
301 1536 1024 32
302 1536 1024 32
303 1536 1024 32
304 1536 1024 32
305 1536 1024 32
306 1536 1024 32
307 1536 1024 32
308 1536 1024 32
309 1536 1024 32
310 1536 1024 32
311 1536 1024 32
312 1536 1024 32
313 1536 1024 32
314 1536 1024 32
315 1536 1024 32
316 1536 1024 32
317 1536 1024 32
318 1536 1024 32
319 1536 1024 32
320 1536 1024 32
321 1536 1024 32
322 1536 1024 32
323 1536 1024 32
324 1536 1024 32
325 1536 1024 32
326 1536 1024 32
327 1536 1024 32
328 1536 1024 32
329 1536 1024 32
330 1536 1024 32
331 1536 1024 32
332 1536 1024 32
333 1536 1024 32
334 1536 1024 32
335 1536 1024 32
336 1536 1024 32
337 1536 1024 32
338 1536 1024 32
339 1536 1024 32
340 1536 1024 32
341 1536 1024 32
342 1536 1024 32
343 1536 1024 32
344 1536 1024 32
345 1536 1024 32
346 1536 1024 32
347 1536 1024 32
348 1536 1024 32
349 1536 1024 32
350 1536 1024 32
351 1536 1024 32
352 1536 1024 32
353 1536 1024 32
354 1536 1024 32
355 1536 1024 32
356 1536 1024 32
357 1536 1024 32
358 1536 1024 32
359 1536 1024 32
360 1536 1024 32
361 1536 1024 32
362 1536 1024 32
363 1536 1024 32
364 1536 1024 32
365 1536 1024 32
366 1536 1024 32
367 1536 1024 32
368 1536 1024 32
369 1536 1024 32
370 1536 1024 32
371 1536 1024 32
372 1536 1024 32
373 1536 1024 32
374 1536 1024 32
375 1536 1024 32
376 1536 1024 32
377 1536 1024 32
378 1536 1024 32
379 1536 1024 32
380 1536 1024 32
381 1536 1024 32
382 1536 1024 32
383 1536 1024 32
384 1536 1024 32
385 1536 1024 32
386 1536 1024 32
387 1536 1024 32
388 1536 1024 32
389 1536 1024 32
390 1536 1024 32
391 1536 1024 32
392 1536 1024 32
393 1536 1024 32
394 1536 1024 32
395 1536 1024 32
396 1536 1024 32
397 1536 1024 32
398 1536 1024 32
399 1536 1024 32
400 1536 1024 32
401 1536 1024 32
402 1536 1024 32
403 1536 1024 32
404 1536 1024 32
405 1536 1024 32
406 1536 1024 32
407 1536 1024 32
408 1536 1024 32
409 1536 1024 32
410 1536 1024 32
411 1536 1024 32
412 1536 1024 32
413 1536 1024 32
414 1536 1024 32
415 1536 1024 32
416 1536 1024 32
417 1536 1024 32
418 1536 1024 32
419 1536 1024 32
420 1536 1024 32
421 1536 1024 32
422 1536 1024 32
423 1536 1024 32
424 1536 1024 32
