0 2880 1920 27  G:\YUVs\IntraTrain_2880x1920.yuv
1 2880 1920 27
2 2880 1920 27
3 2880 1920 27
4 2880 1920 27
5 2880 1920 27
6 2880 1920 27
7 2880 1920 27
8 2880 1920 27
9 2880 1920 27
10 2880 1920 27
11 2880 1920 27
12 2880 1920 27
13 2880 1920 27
14 2880 1920 27
15 2880 1920 27
16 2880 1920 27
17 2880 1920 27
18 2880 1920 27
19 2880 1920 27
20 2880 1920 27
21 2880 1920 27
22 2880 1920 27
23 2880 1920 27
24 2880 1920 27
25 2880 1920 27
26 2880 1920 27
27 2880 1920 27
28 2880 1920 27
29 2880 1920 27
30 2880 1920 27
31 2880 1920 27
32 2880 1920 27
33 2880 1920 27
34 2880 1920 27
35 2880 1920 27
36 2880 1920 27
37 2880 1920 27
38 2880 1920 27
39 2880 1920 27
40 2880 1920 27
41 2880 1920 27
42 2880 1920 27
43 2880 1920 27
44 2880 1920 27
45 2880 1920 27
46 2880 1920 27
47 2880 1920 27
48 2880 1920 27
49 2880 1920 27
50 2880 1920 27
51 2880 1920 27
52 2880 1920 27
53 2880 1920 27
54 2880 1920 27
55 2880 1920 27
56 2880 1920 27
57 2880 1920 27
58 2880 1920 27
59 2880 1920 27
60 2880 1920 27
61 2880 1920 27
62 2880 1920 27
63 2880 1920 27
64 2880 1920 27
65 2880 1920 27
66 2880 1920 27
67 2880 1920 27
68 2880 1920 27
69 2880 1920 27
70 2880 1920 27
71 2880 1920 27
72 2880 1920 27
73 2880 1920 27
74 2880 1920 27
75 2880 1920 27
76 2880 1920 27
77 2880 1920 27
78 2880 1920 27
79 2880 1920 27
80 2880 1920 27
81 2880 1920 27
82 2880 1920 27
83 2880 1920 27
84 2880 1920 27
85 2880 1920 27
86 2880 1920 27
87 2880 1920 27
88 2880 1920 27
89 2880 1920 27
90 2880 1920 27
91 2880 1920 27
92 2880 1920 27
93 2880 1920 27
94 2880 1920 27
95 2880 1920 27
96 2880 1920 27
97 2880 1920 27
98 2880 1920 27
99 2880 1920 27
100 2880 1920 27
101 2880 1920 27
102 2880 1920 27
103 2880 1920 27
104 2880 1920 27
105 2880 1920 27
106 2880 1920 27
107 2880 1920 27
108 2880 1920 27
109 2880 1920 27
110 2880 1920 27
111 2880 1920 27
112 2880 1920 27
113 2880 1920 27
114 2880 1920 27
115 2880 1920 27
116 2880 1920 27
117 2880 1920 27
118 2880 1920 27
119 2880 1920 27
120 2880 1920 27
121 2880 1920 27
122 2880 1920 27
123 2880 1920 27
124 2880 1920 27
125 2880 1920 27
126 2880 1920 27
127 2880 1920 27
128 2880 1920 27
129 2880 1920 27
130 2880 1920 27
131 2880 1920 27
132 2880 1920 27
133 2880 1920 27
134 2880 1920 27
135 2880 1920 27
136 2880 1920 27
137 2880 1920 27
138 2880 1920 27
139 2880 1920 27
140 2880 1920 27
141 2880 1920 27
142 2880 1920 27
143 2880 1920 27
144 2880 1920 27
145 2880 1920 27
146 2880 1920 27
147 2880 1920 27
148 2880 1920 27
149 2880 1920 27
150 2880 1920 27
151 2880 1920 27
152 2880 1920 27
153 2880 1920 27
154 2880 1920 27
155 2880 1920 27
156 2880 1920 27
157 2880 1920 27
158 2880 1920 27
159 2880 1920 27
160 2880 1920 27
161 2880 1920 27
162 2880 1920 27
163 2880 1920 27
164 2880 1920 27
165 2880 1920 27
166 2880 1920 27
167 2880 1920 27
168 2880 1920 27
169 2880 1920 27
170 2880 1920 27
171 2880 1920 27
172 2880 1920 27
173 2880 1920 27
174 2880 1920 27
175 2880 1920 27
176 2880 1920 27
177 2880 1920 27
178 2880 1920 27
179 2880 1920 27
180 2880 1920 27
181 2880 1920 27
182 2880 1920 27
183 2880 1920 27
184 2880 1920 27
185 2880 1920 27
186 2880 1920 27
187 2880 1920 27
188 2880 1920 27
189 2880 1920 27
190 2880 1920 27
191 2880 1920 27
192 2880 1920 27
193 2880 1920 27
194 2880 1920 27
195 2880 1920 27
196 2880 1920 27
197 2880 1920 27
198 2880 1920 27
199 2880 1920 27
200 2880 1920 27
201 2880 1920 27
202 2880 1920 27
203 2880 1920 27
204 2880 1920 27
205 2880 1920 27
206 2880 1920 27
207 2880 1920 27
208 2880 1920 27
209 2880 1920 27
210 2880 1920 27
211 2880 1920 27
212 2880 1920 27
213 2880 1920 27
214 2880 1920 27
215 2880 1920 27
216 2880 1920 27
217 2880 1920 27
218 2880 1920 27
219 2880 1920 27
220 2880 1920 27
221 2880 1920 27
222 2880 1920 27
223 2880 1920 27
224 2880 1920 27
225 2880 1920 27
226 2880 1920 27
227 2880 1920 27
228 2880 1920 27
229 2880 1920 27
230 2880 1920 27
231 2880 1920 27
232 2880 1920 27
233 2880 1920 27
234 2880 1920 27
235 2880 1920 27
236 2880 1920 27
237 2880 1920 27
238 2880 1920 27
239 2880 1920 27
240 2880 1920 27
241 2880 1920 27
242 2880 1920 27
243 2880 1920 27
244 2880 1920 27
245 2880 1920 27
246 2880 1920 27
247 2880 1920 27
248 2880 1920 27
249 2880 1920 27
250 2880 1920 27
251 2880 1920 27
252 2880 1920 27
253 2880 1920 27
254 2880 1920 27
255 2880 1920 27
256 2880 1920 27
257 2880 1920 27
258 2880 1920 27
259 2880 1920 27
260 2880 1920 27
261 2880 1920 27
262 2880 1920 27
263 2880 1920 27
264 2880 1920 27
265 2880 1920 27
266 2880 1920 27
267 2880 1920 27
268 2880 1920 27
269 2880 1920 27
270 2880 1920 27
271 2880 1920 27
272 2880 1920 27
273 2880 1920 27
274 2880 1920 27
275 2880 1920 27
276 2880 1920 27
277 2880 1920 27
278 2880 1920 27
279 2880 1920 27
280 2880 1920 27
281 2880 1920 27
282 2880 1920 27
283 2880 1920 27
284 2880 1920 27
285 2880 1920 27
286 2880 1920 27
287 2880 1920 27
288 2880 1920 27
289 2880 1920 27
290 2880 1920 27
291 2880 1920 27
292 2880 1920 27
293 2880 1920 27
294 2880 1920 27
295 2880 1920 27
296 2880 1920 27
297 2880 1920 27
298 2880 1920 27
299 2880 1920 27
300 2880 1920 27
301 2880 1920 27
302 2880 1920 27
303 2880 1920 27
304 2880 1920 27
305 2880 1920 27
306 2880 1920 27
307 2880 1920 27
308 2880 1920 27
309 2880 1920 27
310 2880 1920 27
311 2880 1920 27
312 2880 1920 27
313 2880 1920 27
314 2880 1920 27
315 2880 1920 27
316 2880 1920 27
317 2880 1920 27
318 2880 1920 27
319 2880 1920 27
320 2880 1920 27
321 2880 1920 27
322 2880 1920 27
323 2880 1920 27
324 2880 1920 27
325 2880 1920 27
326 2880 1920 27
327 2880 1920 27
328 2880 1920 27
329 2880 1920 27
330 2880 1920 27
331 2880 1920 27
332 2880 1920 27
333 2880 1920 27
334 2880 1920 27
335 2880 1920 27
336 2880 1920 27
337 2880 1920 27
338 2880 1920 27
339 2880 1920 27
340 2880 1920 27
341 2880 1920 27
342 2880 1920 27
343 2880 1920 27
344 2880 1920 27
345 2880 1920 27
346 2880 1920 27
347 2880 1920 27
348 2880 1920 27
349 2880 1920 27
350 2880 1920 27
351 2880 1920 27
352 2880 1920 27
353 2880 1920 27
354 2880 1920 27
355 2880 1920 27
356 2880 1920 27
357 2880 1920 27
358 2880 1920 27
359 2880 1920 27
360 2880 1920 27
361 2880 1920 27
362 2880 1920 27
363 2880 1920 27
364 2880 1920 27
365 2880 1920 27
366 2880 1920 27
367 2880 1920 27
368 2880 1920 27
369 2880 1920 27
370 2880 1920 27
371 2880 1920 27
372 2880 1920 27
373 2880 1920 27
374 2880 1920 27
375 2880 1920 27
376 2880 1920 27
377 2880 1920 27
378 2880 1920 27
379 2880 1920 27
380 2880 1920 27
381 2880 1920 27
382 2880 1920 27
383 2880 1920 27
384 2880 1920 27
385 2880 1920 27
386 2880 1920 27
387 2880 1920 27
388 2880 1920 27
389 2880 1920 27
390 2880 1920 27
391 2880 1920 27
392 2880 1920 27
393 2880 1920 27
394 2880 1920 27
395 2880 1920 27
396 2880 1920 27
397 2880 1920 27
398 2880 1920 27
399 2880 1920 27
400 2880 1920 27
401 2880 1920 27
402 2880 1920 27
403 2880 1920 27
404 2880 1920 27
405 2880 1920 27
406 2880 1920 27
407 2880 1920 27
408 2880 1920 27
409 2880 1920 27
410 2880 1920 27
411 2880 1920 27
412 2880 1920 27
413 2880 1920 27
414 2880 1920 27
415 2880 1920 27
416 2880 1920 27
417 2880 1920 27
418 2880 1920 27
419 2880 1920 27
420 2880 1920 27
421 2880 1920 27
422 2880 1920 27
423 2880 1920 27
424 2880 1920 27
