0 2880 1920 32  G:\YUVs\IntraTrain_2880x1920.yuv
1 2880 1920 32
2 2880 1920 32
3 2880 1920 32
4 2880 1920 32
5 2880 1920 32
6 2880 1920 32
7 2880 1920 32
8 2880 1920 32
9 2880 1920 32
10 2880 1920 32
11 2880 1920 32
12 2880 1920 32
13 2880 1920 32
14 2880 1920 32
15 2880 1920 32
16 2880 1920 32
17 2880 1920 32
18 2880 1920 32
19 2880 1920 32
20 2880 1920 32
21 2880 1920 32
22 2880 1920 32
23 2880 1920 32
24 2880 1920 32
25 2880 1920 32
26 2880 1920 32
27 2880 1920 32
28 2880 1920 32
29 2880 1920 32
30 2880 1920 32
31 2880 1920 32
32 2880 1920 32
33 2880 1920 32
34 2880 1920 32
35 2880 1920 32
36 2880 1920 32
37 2880 1920 32
38 2880 1920 32
39 2880 1920 32
40 2880 1920 32
41 2880 1920 32
42 2880 1920 32
43 2880 1920 32
44 2880 1920 32
45 2880 1920 32
46 2880 1920 32
47 2880 1920 32
48 2880 1920 32
49 2880 1920 32
50 2880 1920 32
51 2880 1920 32
52 2880 1920 32
53 2880 1920 32
54 2880 1920 32
55 2880 1920 32
56 2880 1920 32
57 2880 1920 32
58 2880 1920 32
59 2880 1920 32
60 2880 1920 32
61 2880 1920 32
62 2880 1920 32
63 2880 1920 32
64 2880 1920 32
65 2880 1920 32
66 2880 1920 32
67 2880 1920 32
68 2880 1920 32
69 2880 1920 32
70 2880 1920 32
71 2880 1920 32
72 2880 1920 32
73 2880 1920 32
74 2880 1920 32
75 2880 1920 32
76 2880 1920 32
77 2880 1920 32
78 2880 1920 32
79 2880 1920 32
80 2880 1920 32
81 2880 1920 32
82 2880 1920 32
83 2880 1920 32
84 2880 1920 32
85 2880 1920 32
86 2880 1920 32
87 2880 1920 32
88 2880 1920 32
89 2880 1920 32
90 2880 1920 32
91 2880 1920 32
92 2880 1920 32
93 2880 1920 32
94 2880 1920 32
95 2880 1920 32
96 2880 1920 32
97 2880 1920 32
98 2880 1920 32
99 2880 1920 32
100 2880 1920 32
101 2880 1920 32
102 2880 1920 32
103 2880 1920 32
104 2880 1920 32
105 2880 1920 32
106 2880 1920 32
107 2880 1920 32
108 2880 1920 32
109 2880 1920 32
110 2880 1920 32
111 2880 1920 32
112 2880 1920 32
113 2880 1920 32
114 2880 1920 32
115 2880 1920 32
116 2880 1920 32
117 2880 1920 32
118 2880 1920 32
119 2880 1920 32
120 2880 1920 32
121 2880 1920 32
122 2880 1920 32
123 2880 1920 32
124 2880 1920 32
125 2880 1920 32
126 2880 1920 32
127 2880 1920 32
128 2880 1920 32
129 2880 1920 32
130 2880 1920 32
131 2880 1920 32
132 2880 1920 32
133 2880 1920 32
134 2880 1920 32
135 2880 1920 32
136 2880 1920 32
137 2880 1920 32
138 2880 1920 32
139 2880 1920 32
140 2880 1920 32
141 2880 1920 32
142 2880 1920 32
143 2880 1920 32
144 2880 1920 32
145 2880 1920 32
146 2880 1920 32
147 2880 1920 32
148 2880 1920 32
149 2880 1920 32
150 2880 1920 32
151 2880 1920 32
152 2880 1920 32
153 2880 1920 32
154 2880 1920 32
155 2880 1920 32
156 2880 1920 32
157 2880 1920 32
158 2880 1920 32
159 2880 1920 32
160 2880 1920 32
161 2880 1920 32
162 2880 1920 32
163 2880 1920 32
164 2880 1920 32
165 2880 1920 32
166 2880 1920 32
167 2880 1920 32
168 2880 1920 32
169 2880 1920 32
170 2880 1920 32
171 2880 1920 32
172 2880 1920 32
173 2880 1920 32
174 2880 1920 32
175 2880 1920 32
176 2880 1920 32
177 2880 1920 32
178 2880 1920 32
179 2880 1920 32
180 2880 1920 32
181 2880 1920 32
182 2880 1920 32
183 2880 1920 32
184 2880 1920 32
185 2880 1920 32
186 2880 1920 32
187 2880 1920 32
188 2880 1920 32
189 2880 1920 32
190 2880 1920 32
191 2880 1920 32
192 2880 1920 32
193 2880 1920 32
194 2880 1920 32
195 2880 1920 32
196 2880 1920 32
197 2880 1920 32
198 2880 1920 32
199 2880 1920 32
200 2880 1920 32
201 2880 1920 32
202 2880 1920 32
203 2880 1920 32
204 2880 1920 32
205 2880 1920 32
206 2880 1920 32
207 2880 1920 32
208 2880 1920 32
209 2880 1920 32
210 2880 1920 32
211 2880 1920 32
212 2880 1920 32
213 2880 1920 32
214 2880 1920 32
215 2880 1920 32
216 2880 1920 32
217 2880 1920 32
218 2880 1920 32
219 2880 1920 32
220 2880 1920 32
221 2880 1920 32
222 2880 1920 32
223 2880 1920 32
224 2880 1920 32
225 2880 1920 32
226 2880 1920 32
227 2880 1920 32
228 2880 1920 32
229 2880 1920 32
230 2880 1920 32
231 2880 1920 32
232 2880 1920 32
233 2880 1920 32
234 2880 1920 32
235 2880 1920 32
236 2880 1920 32
237 2880 1920 32
238 2880 1920 32
239 2880 1920 32
240 2880 1920 32
241 2880 1920 32
242 2880 1920 32
243 2880 1920 32
244 2880 1920 32
245 2880 1920 32
246 2880 1920 32
247 2880 1920 32
248 2880 1920 32
249 2880 1920 32
250 2880 1920 32
251 2880 1920 32
252 2880 1920 32
253 2880 1920 32
254 2880 1920 32
255 2880 1920 32
256 2880 1920 32
257 2880 1920 32
258 2880 1920 32
259 2880 1920 32
260 2880 1920 32
261 2880 1920 32
262 2880 1920 32
263 2880 1920 32
264 2880 1920 32
265 2880 1920 32
266 2880 1920 32
267 2880 1920 32
268 2880 1920 32
269 2880 1920 32
270 2880 1920 32
271 2880 1920 32
272 2880 1920 32
273 2880 1920 32
274 2880 1920 32
275 2880 1920 32
276 2880 1920 32
277 2880 1920 32
278 2880 1920 32
279 2880 1920 32
280 2880 1920 32
281 2880 1920 32
282 2880 1920 32
283 2880 1920 32
284 2880 1920 32
285 2880 1920 32
286 2880 1920 32
287 2880 1920 32
288 2880 1920 32
289 2880 1920 32
290 2880 1920 32
291 2880 1920 32
292 2880 1920 32
293 2880 1920 32
294 2880 1920 32
295 2880 1920 32
296 2880 1920 32
297 2880 1920 32
298 2880 1920 32
299 2880 1920 32
300 2880 1920 32
301 2880 1920 32
302 2880 1920 32
303 2880 1920 32
304 2880 1920 32
305 2880 1920 32
306 2880 1920 32
307 2880 1920 32
308 2880 1920 32
309 2880 1920 32
310 2880 1920 32
311 2880 1920 32
312 2880 1920 32
313 2880 1920 32
314 2880 1920 32
315 2880 1920 32
316 2880 1920 32
317 2880 1920 32
318 2880 1920 32
319 2880 1920 32
320 2880 1920 32
321 2880 1920 32
322 2880 1920 32
323 2880 1920 32
324 2880 1920 32
325 2880 1920 32
326 2880 1920 32
327 2880 1920 32
328 2880 1920 32
329 2880 1920 32
330 2880 1920 32
331 2880 1920 32
332 2880 1920 32
333 2880 1920 32
334 2880 1920 32
335 2880 1920 32
336 2880 1920 32
337 2880 1920 32
338 2880 1920 32
339 2880 1920 32
340 2880 1920 32
341 2880 1920 32
342 2880 1920 32
343 2880 1920 32
344 2880 1920 32
345 2880 1920 32
346 2880 1920 32
347 2880 1920 32
348 2880 1920 32
349 2880 1920 32
350 2880 1920 32
351 2880 1920 32
352 2880 1920 32
353 2880 1920 32
354 2880 1920 32
355 2880 1920 32
356 2880 1920 32
357 2880 1920 32
358 2880 1920 32
359 2880 1920 32
360 2880 1920 32
361 2880 1920 32
362 2880 1920 32
363 2880 1920 32
364 2880 1920 32
365 2880 1920 32
366 2880 1920 32
367 2880 1920 32
368 2880 1920 32
369 2880 1920 32
370 2880 1920 32
371 2880 1920 32
372 2880 1920 32
373 2880 1920 32
374 2880 1920 32
375 2880 1920 32
376 2880 1920 32
377 2880 1920 32
378 2880 1920 32
379 2880 1920 32
380 2880 1920 32
381 2880 1920 32
382 2880 1920 32
383 2880 1920 32
384 2880 1920 32
385 2880 1920 32
386 2880 1920 32
387 2880 1920 32
388 2880 1920 32
389 2880 1920 32
390 2880 1920 32
391 2880 1920 32
392 2880 1920 32
393 2880 1920 32
394 2880 1920 32
395 2880 1920 32
396 2880 1920 32
397 2880 1920 32
398 2880 1920 32
399 2880 1920 32
400 2880 1920 32
401 2880 1920 32
402 2880 1920 32
403 2880 1920 32
404 2880 1920 32
405 2880 1920 32
406 2880 1920 32
407 2880 1920 32
408 2880 1920 32
409 2880 1920 32
410 2880 1920 32
411 2880 1920 32
412 2880 1920 32
413 2880 1920 32
414 2880 1920 32
415 2880 1920 32
416 2880 1920 32
417 2880 1920 32
418 2880 1920 32
419 2880 1920 32
420 2880 1920 32
421 2880 1920 32
422 2880 1920 32
423 2880 1920 32
424 2880 1920 32
